laxity[0]=1
laxity[1]=3
laxity[2]=14
laxity[3]=8
laxity[4]=11
laxity[5]=16
laxity[6]=9
laxity[7]=283
rbegin=0, rend=10
tnum=8
lte[0]=9
lte[1]=7
lte[2]=0
lte[3]=2
lte[4]=0
lte[5]=0
lte[6]=1
lte[7]=0
lb=19
currentRow is 0
row0:	9 7 10 10 3 0 1 0 
rbegin=10, rend=15
tnum=8
lte[0]=4
lte[1]=2
lte[2]=0
lte[3]=0
lte[4]=1
lte[5]=0
lte[6]=5
lte[7]=0
lb=12
currentRow is 1
row0:	9 7 10 10 3 0 1 0 
row1:	5 5 4 0 1 0 5 0 
rbegin=15, rend=20
tnum=8
lte[0]=4
lte[1]=2
lte[2]=0
lte[3]=2
lte[4]=5
lte[5]=4
lte[6]=0
lte[7]=0
lb=17
currentRow is 2
row0:	9 7 10 10 3 0 1 0 
row1:	5 5 4 0 1 0 5 0 
row2:	4 2 2 2 5 5 0 0 
rbegin=20, rend=25
tnum=8
lte[0]=4
lte[1]=2
lte[2]=0
lte[3]=0
lte[4]=0
lte[5]=4
lte[6]=1
lte[7]=0
lb=11
currentRow is 3
row0:	9 7 10 10 3 0 1 0 
row1:	5 5 4 0 1 0 5 0 
row2:	4 2 2 2 5 5 0 0 
row3:	5 5 0 5 0 4 1 0 
rbegin=25, rend=30
tnum=8
lte[0]=4
lte[1]=2
lte[2]=0
lte[3]=0
lte[4]=0
lte[5]=0
lte[6]=5
lte[7]=0
lb=11
currentRow is 4
row0:	9 7 10 10 3 0 1 0 
row1:	5 5 4 0 1 0 5 0 
row2:	4 2 2 2 5 5 0 0 
row3:	5 5 0 5 0 4 1 0 
row4:	4 2 0 5 4 0 5 0 
rbegin=30, rend=40
tnum=8
lte[0]=9
lte[1]=7
lte[2]=0
lte[3]=2
lte[4]=5
lte[5]=0
lte[6]=1
lte[7]=0
lb=24
currentRow is 5
row0:	9 7 10 10 3 0 1 0 
row1:	5 5 4 0 1 0 5 0 
row2:	4 2 2 2 5 5 0 0 
row3:	5 5 0 5 0 4 1 0 
row4:	4 2 0 5 4 0 5 0 
row5:	9 7 10 2 5 6 1 0 
rbegin=40, rend=45
tnum=8
lte[0]=4
lte[1]=2
lte[2]=0
lte[3]=0
lte[4]=0
lte[5]=0
lte[6]=5
lte[7]=0
lb=11
currentRow is 6
row0:	9 7 10 10 3 0 1 0 
row1:	5 5 4 0 1 0 5 0 
row2:	4 2 2 2 5 5 0 0 
row3:	5 5 0 5 0 4 1 0 
row4:	4 2 0 5 4 0 5 0 
row5:	9 7 10 2 5 6 1 0 
row6:	5 5 5 0 0 0 5 0 
rbegin=45, rend=50
tnum=8
lte[0]=4
lte[1]=2
lte[2]=0
lte[3]=2
lte[4]=0
lte[5]=3
lte[6]=0
lte[7]=0
lb=11
currentRow is 7
row0:	9 7 10 10 3 0 1 0 
row1:	5 5 4 0 1 0 5 0 
row2:	4 2 2 2 5 5 0 0 
row3:	5 5 0 5 0 4 1 0 
row4:	4 2 0 5 4 0 5 0 
row5:	9 7 10 2 5 6 1 0 
row6:	5 5 5 0 0 0 5 0 
row7:	4 2 1 5 5 3 0 0 
rbegin=50, rend=60
tnum=8
lte[0]=9
lte[1]=7
lte[2]=0
lte[3]=7
lte[4]=4
lte[5]=0
lte[6]=6
lte[7]=0
lb=33
currentRow is 8
row0:	9 7 10 10 3 0 1 0 
row1:	5 5 4 0 1 0 5 0 
row2:	4 2 2 2 5 5 0 0 
row3:	5 5 0 5 0 4 1 0 
row4:	4 2 0 5 4 0 5 0 
row5:	9 7 10 2 5 6 1 0 
row6:	5 5 5 0 0 0 5 0 
row7:	4 2 1 5 5 3 0 0 
row8:	9 7 0 7 4 7 6 0 
rbegin=60, rend=70
tnum=8
lte[0]=9
lte[1]=7
lte[2]=0
lte[3]=2
lte[4]=0
lte[5]=0
lte[6]=1
lte[7]=0
lb=19
currentRow is 9
row0:	9 7 10 10 3 0 1 0 
row1:	5 5 4 0 1 0 5 0 
row2:	4 2 2 2 5 5 0 0 
row3:	5 5 0 5 0 4 1 0 
row4:	4 2 0 5 4 0 5 0 
row5:	9 7 10 2 5 6 1 0 
row6:	5 5 5 0 0 0 5 0 
row7:	4 2 1 5 5 3 0 0 
row8:	9 7 0 7 4 7 6 0 
row9:	9 7 10 10 3 0 1 0 
rbegin=70, rend=75
tnum=8
lte[0]=4
lte[1]=2
lte[2]=0
lte[3]=0
lte[4]=1
lte[5]=2
lte[6]=5
lte[7]=0
lb=14
currentRow is 10
row0:	9 7 10 10 3 0 1 0 
row1:	5 5 4 0 1 0 5 0 
row2:	4 2 2 2 5 5 0 0 
row3:	5 5 0 5 0 4 1 0 
row4:	4 2 0 5 4 0 5 0 
row5:	9 7 10 2 5 6 1 0 
row6:	5 5 5 0 0 0 5 0 
row7:	4 2 1 5 5 3 0 0 
row8:	9 7 0 7 4 7 6 0 
row9:	9 7 10 10 3 0 1 0 
row10:	5 5 2 0 1 2 5 0 
rbegin=75, rend=80
tnum=8
lte[0]=4
lte[1]=2
lte[2]=0
lte[3]=2
lte[4]=5
lte[5]=0
lte[6]=0
lte[7]=0
lb=13
currentRow is 11
row0:	9 7 10 10 3 0 1 0 
row1:	5 5 4 0 1 0 5 0 
row2:	4 2 2 2 5 5 0 0 
row3:	5 5 0 5 0 4 1 0 
row4:	4 2 0 5 4 0 5 0 
row5:	9 7 10 2 5 6 1 0 
row6:	5 5 5 0 0 0 5 0 
row7:	4 2 1 5 5 3 0 0 
row8:	9 7 0 7 4 7 6 0 
row9:	9 7 10 10 3 0 1 0 
row10:	5 5 2 0 1 2 5 0 
row11:	4 2 4 2 5 3 0 0 
rbegin=80, rend=90
tnum=8
lte[0]=9
lte[1]=7
lte[2]=0
lte[3]=2
lte[4]=0
lte[5]=0
lte[6]=6
lte[7]=0
lb=24
currentRow is 12
row0:	9 7 10 10 3 0 1 0 
row1:	5 5 4 0 1 0 5 0 
row2:	4 2 2 2 5 5 0 0 
row3:	5 5 0 5 0 4 1 0 
row4:	4 2 0 5 4 0 5 0 
row5:	9 7 10 2 5 6 1 0 
row6:	5 5 5 0 0 0 5 0 
row7:	4 2 1 5 5 3 0 0 
row8:	9 7 0 7 4 7 6 0 
row9:	9 7 10 10 3 0 1 0 
row10:	5 5 2 0 1 2 5 0 
row11:	4 2 4 2 5 3 0 0 
row12:	9 7 0 10 8 0 6 0 
rbegin=90, rend=100
tnum=8
lte[0]=9
lte[1]=7
lte[2]=0
lte[3]=2
lte[4]=1
lte[5]=6
lte[6]=1
lte[7]=0
lb=26
currentRow is 13
row0:	9 7 10 10 3 0 1 0 
row1:	5 5 4 0 1 0 5 0 
row2:	4 2 2 2 5 5 0 0 
row3:	5 5 0 5 0 4 1 0 
row4:	4 2 0 5 4 0 5 0 
row5:	9 7 10 2 5 6 1 0 
row6:	5 5 5 0 0 0 5 0 
row7:	4 2 1 5 5 3 0 0 
row8:	9 7 0 7 4 7 6 0 
row9:	9 7 10 10 3 0 1 0 
row10:	5 5 2 0 1 2 5 0 
row11:	4 2 4 2 5 3 0 0 
row12:	9 7 0 10 8 0 6 0 
row13:	9 7 10 2 1 6 5 0 
rbegin=100, rend=105
tnum=8
lte[0]=4
lte[1]=2
lte[2]=0
lte[3]=0
lte[4]=0
lte[5]=0
lte[6]=1
lte[7]=0
lb=7
currentRow is 14
row0:	9 7 10 10 3 0 1 0 
row1:	5 5 4 0 1 0 5 0 
row2:	4 2 2 2 5 5 0 0 
row3:	5 5 0 5 0 4 1 0 
row4:	4 2 0 5 4 0 5 0 
row5:	9 7 10 2 5 6 1 0 
row6:	5 5 5 0 0 0 5 0 
row7:	4 2 1 5 5 3 0 0 
row8:	9 7 0 7 4 7 6 0 
row9:	9 7 10 10 3 0 1 0 
row10:	5 5 2 0 1 2 5 0 
row11:	4 2 4 2 5 3 0 0 
row12:	9 7 0 10 8 0 6 0 
row13:	9 7 10 2 1 6 5 0 
row14:	5 5 5 4 0 0 1 0 
rbegin=105, rend=110
tnum=8
lte[0]=4
lte[1]=2
lte[2]=0
lte[3]=0
lte[4]=0
lte[5]=0
lte[6]=0
lte[7]=0
lb=6
currentRow is 15
row0:	9 7 10 10 3 0 1 0 
row1:	5 5 4 0 1 0 5 0 
row2:	4 2 2 2 5 5 0 0 
row3:	5 5 0 5 0 4 1 0 
row4:	4 2 0 5 4 0 5 0 
row5:	9 7 10 2 5 6 1 0 
row6:	5 5 5 0 0 0 5 0 
row7:	4 2 1 5 5 3 0 0 
row8:	9 7 0 7 4 7 6 0 
row9:	9 7 10 10 3 0 1 0 
row10:	5 5 2 0 1 2 5 0 
row11:	4 2 4 2 5 3 0 0 
row12:	9 7 0 10 8 0 6 0 
row13:	9 7 10 2 1 6 5 0 
row14:	5 5 5 4 0 0 1 0 
row15:	4 2 1 5 5 3 0 0 
rbegin=110, rend=120
tnum=8
lte[0]=9
lte[1]=7
lte[2]=0
lte[3]=3
lte[4]=4
lte[5]=1
lte[6]=6
lte[7]=0
lb=30
currentRow is 16
row0:	9 7 10 10 3 0 1 0 
row1:	5 5 4 0 1 0 5 0 
row2:	4 2 2 2 5 5 0 0 
row3:	5 5 0 5 0 4 1 0 
row4:	4 2 0 5 4 0 5 0 
row5:	9 7 10 2 5 6 1 0 
row6:	5 5 5 0 0 0 5 0 
row7:	4 2 1 5 5 3 0 0 
row8:	9 7 0 7 4 7 6 0 
row9:	9 7 10 10 3 0 1 0 
row10:	5 5 2 0 1 2 5 0 
row11:	4 2 4 2 5 3 0 0 
row12:	9 7 0 10 8 0 6 0 
row13:	9 7 10 2 1 6 5 0 
row14:	5 5 5 4 0 0 1 0 
row15:	4 2 1 5 5 3 0 0 
row16:	9 7 0 3 4 6 6 5 
rbegin=120, rend=125
tnum=8
lte[0]=4
lte[1]=2
lte[2]=0
lte[3]=0
lte[4]=0
lte[5]=0
lte[6]=0
lte[7]=0
lb=6
currentRow is 17
row0:	9 7 10 10 3 0 1 0 
row1:	5 5 4 0 1 0 5 0 
row2:	4 2 2 2 5 5 0 0 
row3:	5 5 0 5 0 4 1 0 
row4:	4 2 0 5 4 0 5 0 
row5:	9 7 10 2 5 6 1 0 
row6:	5 5 5 0 0 0 5 0 
row7:	4 2 1 5 5 3 0 0 
row8:	9 7 0 7 4 7 6 0 
row9:	9 7 10 10 3 0 1 0 
row10:	5 5 2 0 1 2 5 0 
row11:	4 2 4 2 5 3 0 0 
row12:	9 7 0 10 8 0 6 0 
row13:	9 7 10 2 1 6 5 0 
row14:	5 5 5 4 0 0 1 0 
row15:	4 2 1 5 5 3 0 0 
row16:	9 7 0 3 4 6 6 5 
row17:	5 5 5 5 0 0 0 0 
rbegin=125, rend=130
tnum=8
lte[0]=4
lte[1]=2
lte[2]=0
lte[3]=0
lte[4]=0
lte[5]=0
lte[6]=1
lte[7]=0
lb=7
currentRow is 18
row0:	9 7 10 10 3 0 1 0 
row1:	5 5 4 0 1 0 5 0 
row2:	4 2 2 2 5 5 0 0 
row3:	5 5 0 5 0 4 1 0 
row4:	4 2 0 5 4 0 5 0 
row5:	9 7 10 2 5 6 1 0 
row6:	5 5 5 0 0 0 5 0 
row7:	4 2 1 5 5 3 0 0 
row8:	9 7 0 7 4 7 6 0 
row9:	9 7 10 10 3 0 1 0 
row10:	5 5 2 0 1 2 5 0 
row11:	4 2 4 2 5 3 0 0 
row12:	9 7 0 10 8 0 6 0 
row13:	9 7 10 2 1 6 5 0 
row14:	5 5 5 4 0 0 1 0 
row15:	4 2 1 5 5 3 0 0 
row16:	9 7 0 3 4 6 6 5 
row17:	5 5 5 5 0 0 0 0 
row18:	4 2 5 5 3 0 1 0 
rbegin=130, rend=135
tnum=8
lte[0]=4
lte[1]=2
lte[2]=0
lte[3]=0
lte[4]=1
lte[5]=0
lte[6]=5
lte[7]=0
lb=12
currentRow is 19
row0:	9 7 10 10 3 0 1 0 
row1:	5 5 4 0 1 0 5 0 
row2:	4 2 2 2 5 5 0 0 
row3:	5 5 0 5 0 4 1 0 
row4:	4 2 0 5 4 0 5 0 
row5:	9 7 10 2 5 6 1 0 
row6:	5 5 5 0 0 0 5 0 
row7:	4 2 1 5 5 3 0 0 
row8:	9 7 0 7 4 7 6 0 
row9:	9 7 10 10 3 0 1 0 
row10:	5 5 2 0 1 2 5 0 
row11:	4 2 4 2 5 3 0 0 
row12:	9 7 0 10 8 0 6 0 
row13:	9 7 10 2 1 6 5 0 
row14:	5 5 5 4 0 0 1 0 
row15:	4 2 1 5 5 3 0 0 
row16:	9 7 0 3 4 6 6 5 
row17:	5 5 5 5 0 0 0 0 
row18:	4 2 5 5 3 0 1 0 
row19:	5 5 4 0 1 0 5 0 
rbegin=135, rend=140
tnum=8
lte[0]=4
lte[1]=2
lte[2]=0
lte[3]=2
lte[4]=5
lte[5]=0
lte[6]=0
lte[7]=0
lb=13
currentRow is 20
row0:	9 7 10 10 3 0 1 0 
row1:	5 5 4 0 1 0 5 0 
row2:	4 2 2 2 5 5 0 0 
row3:	5 5 0 5 0 4 1 0 
row4:	4 2 0 5 4 0 5 0 
row5:	9 7 10 2 5 6 1 0 
row6:	5 5 5 0 0 0 5 0 
row7:	4 2 1 5 5 3 0 0 
row8:	9 7 0 7 4 7 6 0 
row9:	9 7 10 10 3 0 1 0 
row10:	5 5 2 0 1 2 5 0 
row11:	4 2 4 2 5 3 0 0 
row12:	9 7 0 10 8 0 6 0 
row13:	9 7 10 2 1 6 5 0 
row14:	5 5 5 4 0 0 1 0 
row15:	4 2 1 5 5 3 0 0 
row16:	9 7 0 3 4 6 6 5 
row17:	5 5 5 5 0 0 0 0 
row18:	4 2 5 5 3 0 1 0 
row19:	5 5 4 0 1 0 5 0 
row20:	4 2 2 2 5 5 0 0 
rbegin=140, rend=150
tnum=8
lte[0]=9
lte[1]=7
lte[2]=0
lte[3]=2
lte[4]=0
lte[5]=4
lte[6]=6
lte[7]=0
lb=28
currentRow is 21
row0:	9 7 10 10 3 0 1 0 
row1:	5 5 4 0 1 0 5 0 
row2:	4 2 2 2 5 5 0 0 
row3:	5 5 0 5 0 4 1 0 
row4:	4 2 0 5 4 0 5 0 
row5:	9 7 10 2 5 6 1 0 
row6:	5 5 5 0 0 0 5 0 
row7:	4 2 1 5 5 3 0 0 
row8:	9 7 0 7 4 7 6 0 
row9:	9 7 10 10 3 0 1 0 
row10:	5 5 2 0 1 2 5 0 
row11:	4 2 4 2 5 3 0 0 
row12:	9 7 0 10 8 0 6 0 
row13:	9 7 10 2 1 6 5 0 
row14:	5 5 5 4 0 0 1 0 
row15:	4 2 1 5 5 3 0 0 
row16:	9 7 0 3 4 6 6 5 
row17:	5 5 5 5 0 0 0 0 
row18:	4 2 5 5 3 0 1 0 
row19:	5 5 4 0 1 0 5 0 
row20:	4 2 2 2 5 5 0 0 
row21:	9 7 0 10 4 4 6 0 
rbegin=150, rend=160
tnum=8
lte[0]=9
lte[1]=7
lte[2]=0
lte[3]=2
lte[4]=5
lte[5]=0
lte[6]=1
lte[7]=0
lb=24
currentRow is 22
row0:	9 7 10 10 3 0 1 0 
row1:	5 5 4 0 1 0 5 0 
row2:	4 2 2 2 5 5 0 0 
row3:	5 5 0 5 0 4 1 0 
row4:	4 2 0 5 4 0 5 0 
row5:	9 7 10 2 5 6 1 0 
row6:	5 5 5 0 0 0 5 0 
row7:	4 2 1 5 5 3 0 0 
row8:	9 7 0 7 4 7 6 0 
row9:	9 7 10 10 3 0 1 0 
row10:	5 5 2 0 1 2 5 0 
row11:	4 2 4 2 5 3 0 0 
row12:	9 7 0 10 8 0 6 0 
row13:	9 7 10 2 1 6 5 0 
row14:	5 5 5 4 0 0 1 0 
row15:	4 2 1 5 5 3 0 0 
row16:	9 7 0 3 4 6 6 5 
row17:	5 5 5 5 0 0 0 0 
row18:	4 2 5 5 3 0 1 0 
row19:	5 5 4 0 1 0 5 0 
row20:	4 2 2 2 5 5 0 0 
row21:	9 7 0 10 4 4 6 0 
row22:	9 7 10 2 5 6 1 0 
rbegin=160, rend=165
tnum=8
lte[0]=4
lte[1]=2
lte[2]=0
lte[3]=0
lte[4]=0
lte[5]=0
lte[6]=5
lte[7]=0
lb=11
currentRow is 23
row0:	9 7 10 10 3 0 1 0 
row1:	5 5 4 0 1 0 5 0 
row2:	4 2 2 2 5 5 0 0 
row3:	5 5 0 5 0 4 1 0 
row4:	4 2 0 5 4 0 5 0 
row5:	9 7 10 2 5 6 1 0 
row6:	5 5 5 0 0 0 5 0 
row7:	4 2 1 5 5 3 0 0 
row8:	9 7 0 7 4 7 6 0 
row9:	9 7 10 10 3 0 1 0 
row10:	5 5 2 0 1 2 5 0 
row11:	4 2 4 2 5 3 0 0 
row12:	9 7 0 10 8 0 6 0 
row13:	9 7 10 2 1 6 5 0 
row14:	5 5 5 4 0 0 1 0 
row15:	4 2 1 5 5 3 0 0 
row16:	9 7 0 3 4 6 6 5 
row17:	5 5 5 5 0 0 0 0 
row18:	4 2 5 5 3 0 1 0 
row19:	5 5 4 0 1 0 5 0 
row20:	4 2 2 2 5 5 0 0 
row21:	9 7 0 10 4 4 6 0 
row22:	9 7 10 2 5 6 1 0 
row23:	5 5 5 0 0 0 5 0 
rbegin=165, rend=170
tnum=8
lte[0]=4
lte[1]=2
lte[2]=0
lte[3]=2
lte[4]=0
lte[5]=0
lte[6]=0
lte[7]=0
lb=8
currentRow is 24
row0:	9 7 10 10 3 0 1 0 
row1:	5 5 4 0 1 0 5 0 
row2:	4 2 2 2 5 5 0 0 
row3:	5 5 0 5 0 4 1 0 
row4:	4 2 0 5 4 0 5 0 
row5:	9 7 10 2 5 6 1 0 
row6:	5 5 5 0 0 0 5 0 
row7:	4 2 1 5 5 3 0 0 
row8:	9 7 0 7 4 7 6 0 
row9:	9 7 10 10 3 0 1 0 
row10:	5 5 2 0 1 2 5 0 
row11:	4 2 4 2 5 3 0 0 
row12:	9 7 0 10 8 0 6 0 
row13:	9 7 10 2 1 6 5 0 
row14:	5 5 5 4 0 0 1 0 
row15:	4 2 1 5 5 3 0 0 
row16:	9 7 0 3 4 6 6 5 
row17:	5 5 5 5 0 0 0 0 
row18:	4 2 5 5 3 0 1 0 
row19:	5 5 4 0 1 0 5 0 
row20:	4 2 2 2 5 5 0 0 
row21:	9 7 0 10 4 4 6 0 
row22:	9 7 10 2 5 6 1 0 
row23:	5 5 5 0 0 0 5 0 
row24:	4 2 1 5 5 3 0 0 
rbegin=170, rend=175
tnum=8
lte[0]=4
lte[1]=2
lte[2]=0
lte[3]=2
lte[4]=0
lte[5]=0
lte[6]=1
lte[7]=0
lb=9
currentRow is 25
row0:	9 7 10 10 3 0 1 0 
row1:	5 5 4 0 1 0 5 0 
row2:	4 2 2 2 5 5 0 0 
row3:	5 5 0 5 0 4 1 0 
row4:	4 2 0 5 4 0 5 0 
row5:	9 7 10 2 5 6 1 0 
row6:	5 5 5 0 0 0 5 0 
row7:	4 2 1 5 5 3 0 0 
row8:	9 7 0 7 4 7 6 0 
row9:	9 7 10 10 3 0 1 0 
row10:	5 5 2 0 1 2 5 0 
row11:	4 2 4 2 5 3 0 0 
row12:	9 7 0 10 8 0 6 0 
row13:	9 7 10 2 1 6 5 0 
row14:	5 5 5 4 0 0 1 0 
row15:	4 2 1 5 5 3 0 0 
row16:	9 7 0 3 4 6 6 5 
row17:	5 5 5 5 0 0 0 0 
row18:	4 2 5 5 3 0 1 0 
row19:	5 5 4 0 1 0 5 0 
row20:	4 2 2 2 5 5 0 0 
row21:	9 7 0 10 4 4 6 0 
row22:	9 7 10 2 5 6 1 0 
row23:	5 5 5 0 0 0 5 0 
row24:	4 2 1 5 5 3 0 0 
row25:	5 5 0 5 4 0 1 0 
rbegin=175, rend=180
tnum=8
lte[0]=4
lte[1]=2
lte[2]=0
lte[3]=2
lte[4]=0
lte[5]=0
lte[6]=5
lte[7]=0
lb=13
currentRow is 26
row0:	9 7 10 10 3 0 1 0 
row1:	5 5 4 0 1 0 5 0 
row2:	4 2 2 2 5 5 0 0 
row3:	5 5 0 5 0 4 1 0 
row4:	4 2 0 5 4 0 5 0 
row5:	9 7 10 2 5 6 1 0 
row6:	5 5 5 0 0 0 5 0 
row7:	4 2 1 5 5 3 0 0 
row8:	9 7 0 7 4 7 6 0 
row9:	9 7 10 10 3 0 1 0 
row10:	5 5 2 0 1 2 5 0 
row11:	4 2 4 2 5 3 0 0 
row12:	9 7 0 10 8 0 6 0 
row13:	9 7 10 2 1 6 5 0 
row14:	5 5 5 4 0 0 1 0 
row15:	4 2 1 5 5 3 0 0 
row16:	9 7 0 3 4 6 6 5 
row17:	5 5 5 5 0 0 0 0 
row18:	4 2 5 5 3 0 1 0 
row19:	5 5 4 0 1 0 5 0 
row20:	4 2 2 2 5 5 0 0 
row21:	9 7 0 10 4 4 6 0 
row22:	9 7 10 2 5 6 1 0 
row23:	5 5 5 0 0 0 5 0 
row24:	4 2 1 5 5 3 0 0 
row25:	5 5 0 5 4 0 1 0 
row26:	4 2 0 2 0 5 5 2 
rbegin=180, rend=190
tnum=8
lte[0]=9
lte[1]=7
lte[2]=0
lte[3]=2
lte[4]=0
lte[5]=0
lte[6]=1
lte[7]=0
lb=19
currentRow is 27
row0:	9 7 10 10 3 0 1 0 
row1:	5 5 4 0 1 0 5 0 
row2:	4 2 2 2 5 5 0 0 
row3:	5 5 0 5 0 4 1 0 
row4:	4 2 0 5 4 0 5 0 
row5:	9 7 10 2 5 6 1 0 
row6:	5 5 5 0 0 0 5 0 
row7:	4 2 1 5 5 3 0 0 
row8:	9 7 0 7 4 7 6 0 
row9:	9 7 10 10 3 0 1 0 
row10:	5 5 2 0 1 2 5 0 
row11:	4 2 4 2 5 3 0 0 
row12:	9 7 0 10 8 0 6 0 
row13:	9 7 10 2 1 6 5 0 
row14:	5 5 5 4 0 0 1 0 
row15:	4 2 1 5 5 3 0 0 
row16:	9 7 0 3 4 6 6 5 
row17:	5 5 5 5 0 0 0 0 
row18:	4 2 5 5 3 0 1 0 
row19:	5 5 4 0 1 0 5 0 
row20:	4 2 2 2 5 5 0 0 
row21:	9 7 0 10 4 4 6 0 
row22:	9 7 10 2 5 6 1 0 
row23:	5 5 5 0 0 0 5 0 
row24:	4 2 1 5 5 3 0 0 
row25:	5 5 0 5 4 0 1 0 
row26:	4 2 0 2 0 5 5 2 
row27:	9 7 10 10 3 0 1 0 
rbegin=190, rend=195
tnum=8
lte[0]=4
lte[1]=2
lte[2]=0
lte[3]=0
lte[4]=1
lte[5]=0
lte[6]=5
lte[7]=0
lb=12
currentRow is 28
row0:	9 7 10 10 3 0 1 0 
row1:	5 5 4 0 1 0 5 0 
row2:	4 2 2 2 5 5 0 0 
row3:	5 5 0 5 0 4 1 0 
row4:	4 2 0 5 4 0 5 0 
row5:	9 7 10 2 5 6 1 0 
row6:	5 5 5 0 0 0 5 0 
row7:	4 2 1 5 5 3 0 0 
row8:	9 7 0 7 4 7 6 0 
row9:	9 7 10 10 3 0 1 0 
row10:	5 5 2 0 1 2 5 0 
row11:	4 2 4 2 5 3 0 0 
row12:	9 7 0 10 8 0 6 0 
row13:	9 7 10 2 1 6 5 0 
row14:	5 5 5 4 0 0 1 0 
row15:	4 2 1 5 5 3 0 0 
row16:	9 7 0 3 4 6 6 5 
row17:	5 5 5 5 0 0 0 0 
row18:	4 2 5 5 3 0 1 0 
row19:	5 5 4 0 1 0 5 0 
row20:	4 2 2 2 5 5 0 0 
row21:	9 7 0 10 4 4 6 0 
row22:	9 7 10 2 5 6 1 0 
row23:	5 5 5 0 0 0 5 0 
row24:	4 2 1 5 5 3 0 0 
row25:	5 5 0 5 4 0 1 0 
row26:	4 2 0 2 0 5 5 2 
row27:	9 7 10 10 3 0 1 0 
row28:	5 5 4 0 1 0 5 0 
rbegin=195, rend=200
tnum=8
lte[0]=4
lte[1]=2
lte[2]=0
lte[3]=2
lte[4]=5
lte[5]=4
lte[6]=0
lte[7]=0
lb=17
currentRow is 29
row0:	9 7 10 10 3 0 1 0 
row1:	5 5 4 0 1 0 5 0 
row2:	4 2 2 2 5 5 0 0 
row3:	5 5 0 5 0 4 1 0 
row4:	4 2 0 5 4 0 5 0 
row5:	9 7 10 2 5 6 1 0 
row6:	5 5 5 0 0 0 5 0 
row7:	4 2 1 5 5 3 0 0 
row8:	9 7 0 7 4 7 6 0 
row9:	9 7 10 10 3 0 1 0 
row10:	5 5 2 0 1 2 5 0 
row11:	4 2 4 2 5 3 0 0 
row12:	9 7 0 10 8 0 6 0 
row13:	9 7 10 2 1 6 5 0 
row14:	5 5 5 4 0 0 1 0 
row15:	4 2 1 5 5 3 0 0 
row16:	9 7 0 3 4 6 6 5 
row17:	5 5 5 5 0 0 0 0 
row18:	4 2 5 5 3 0 1 0 
row19:	5 5 4 0 1 0 5 0 
row20:	4 2 2 2 5 5 0 0 
row21:	9 7 0 10 4 4 6 0 
row22:	9 7 10 2 5 6 1 0 
row23:	5 5 5 0 0 0 5 0 
row24:	4 2 1 5 5 3 0 0 
row25:	5 5 0 5 4 0 1 0 
row26:	4 2 0 2 0 5 5 2 
row27:	9 7 10 10 3 0 1 0 
row28:	5 5 4 0 1 0 5 0 
row29:	4 2 2 2 5 4 1 0 
rbegin=200, rend=210
tnum=8
lte[0]=9
lte[1]=7
lte[2]=0
lte[3]=2
lte[4]=0
lte[5]=0
lte[6]=5
lte[7]=0
lb=23
currentRow is 30
row0:	9 7 10 10 3 0 1 0 
row1:	5 5 4 0 1 0 5 0 
row2:	4 2 2 2 5 5 0 0 
row3:	5 5 0 5 0 4 1 0 
row4:	4 2 0 5 4 0 5 0 
row5:	9 7 10 2 5 6 1 0 
row6:	5 5 5 0 0 0 5 0 
row7:	4 2 1 5 5 3 0 0 
row8:	9 7 0 7 4 7 6 0 
row9:	9 7 10 10 3 0 1 0 
row10:	5 5 2 0 1 2 5 0 
row11:	4 2 4 2 5 3 0 0 
row12:	9 7 0 10 8 0 6 0 
row13:	9 7 10 2 1 6 5 0 
row14:	5 5 5 4 0 0 1 0 
row15:	4 2 1 5 5 3 0 0 
row16:	9 7 0 3 4 6 6 5 
row17:	5 5 5 5 0 0 0 0 
row18:	4 2 5 5 3 0 1 0 
row19:	5 5 4 0 1 0 5 0 
row20:	4 2 2 2 5 5 0 0 
row21:	9 7 0 10 4 4 6 0 
row22:	9 7 10 2 5 6 1 0 
row23:	5 5 5 0 0 0 5 0 
row24:	4 2 1 5 5 3 0 0 
row25:	5 5 0 5 4 0 1 0 
row26:	4 2 0 2 0 5 5 2 
row27:	9 7 10 10 3 0 1 0 
row28:	5 5 4 0 1 0 5 0 
row29:	4 2 2 2 5 4 1 0 
row30:	9 7 0 10 9 0 5 0 
rbegin=210, rend=220
tnum=8
lte[0]=9
lte[1]=7
lte[2]=0
lte[3]=2
lte[4]=0
lte[5]=4
lte[6]=1
lte[7]=0
lb=23
currentRow is 31
row0:	9 7 10 10 3 0 1 0 
row1:	5 5 4 0 1 0 5 0 
row2:	4 2 2 2 5 5 0 0 
row3:	5 5 0 5 0 4 1 0 
row4:	4 2 0 5 4 0 5 0 
row5:	9 7 10 2 5 6 1 0 
row6:	5 5 5 0 0 0 5 0 
row7:	4 2 1 5 5 3 0 0 
row8:	9 7 0 7 4 7 6 0 
row9:	9 7 10 10 3 0 1 0 
row10:	5 5 2 0 1 2 5 0 
row11:	4 2 4 2 5 3 0 0 
row12:	9 7 0 10 8 0 6 0 
row13:	9 7 10 2 1 6 5 0 
row14:	5 5 5 4 0 0 1 0 
row15:	4 2 1 5 5 3 0 0 
row16:	9 7 0 3 4 6 6 5 
row17:	5 5 5 5 0 0 0 0 
row18:	4 2 5 5 3 0 1 0 
row19:	5 5 4 0 1 0 5 0 
row20:	4 2 2 2 5 5 0 0 
row21:	9 7 0 10 4 4 6 0 
row22:	9 7 10 2 5 6 1 0 
row23:	5 5 5 0 0 0 5 0 
row24:	4 2 1 5 5 3 0 0 
row25:	5 5 0 5 4 0 1 0 
row26:	4 2 0 2 0 5 5 2 
row27:	9 7 10 10 3 0 1 0 
row28:	5 5 4 0 1 0 5 0 
row29:	4 2 2 2 5 4 1 0 
row30:	9 7 0 10 9 0 5 0 
row31:	9 7 10 2 0 9 3 0 
rbegin=220, rend=225
tnum=8
lte[0]=4
lte[1]=2
lte[2]=0
lte[3]=0
lte[4]=0
lte[5]=0
lte[6]=3
lte[7]=0
lb=9
currentRow is 32
row0:	9 7 10 10 3 0 1 0 
row1:	5 5 4 0 1 0 5 0 
row2:	4 2 2 2 5 5 0 0 
row3:	5 5 0 5 0 4 1 0 
row4:	4 2 0 5 4 0 5 0 
row5:	9 7 10 2 5 6 1 0 
row6:	5 5 5 0 0 0 5 0 
row7:	4 2 1 5 5 3 0 0 
row8:	9 7 0 7 4 7 6 0 
row9:	9 7 10 10 3 0 1 0 
row10:	5 5 2 0 1 2 5 0 
row11:	4 2 4 2 5 3 0 0 
row12:	9 7 0 10 8 0 6 0 
row13:	9 7 10 2 1 6 5 0 
row14:	5 5 5 4 0 0 1 0 
row15:	4 2 1 5 5 3 0 0 
row16:	9 7 0 3 4 6 6 5 
row17:	5 5 5 5 0 0 0 0 
row18:	4 2 5 5 3 0 1 0 
row19:	5 5 4 0 1 0 5 0 
row20:	4 2 2 2 5 5 0 0 
row21:	9 7 0 10 4 4 6 0 
row22:	9 7 10 2 5 6 1 0 
row23:	5 5 5 0 0 0 5 0 
row24:	4 2 1 5 5 3 0 0 
row25:	5 5 0 5 4 0 1 0 
row26:	4 2 0 2 0 5 5 2 
row27:	9 7 10 10 3 0 1 0 
row28:	5 5 4 0 1 0 5 0 
row29:	4 2 2 2 5 4 1 0 
row30:	9 7 0 10 9 0 5 0 
row31:	9 7 10 2 0 9 3 0 
row32:	5 5 5 2 0 0 3 0 
rbegin=225, rend=230
tnum=8
lte[0]=4
lte[1]=2
lte[2]=0
lte[3]=0
lte[4]=0
lte[5]=0
lte[6]=0
lte[7]=0
lb=6
currentRow is 33
row0:	9 7 10 10 3 0 1 0 
row1:	5 5 4 0 1 0 5 0 
row2:	4 2 2 2 5 5 0 0 
row3:	5 5 0 5 0 4 1 0 
row4:	4 2 0 5 4 0 5 0 
row5:	9 7 10 2 5 6 1 0 
row6:	5 5 5 0 0 0 5 0 
row7:	4 2 1 5 5 3 0 0 
row8:	9 7 0 7 4 7 6 0 
row9:	9 7 10 10 3 0 1 0 
row10:	5 5 2 0 1 2 5 0 
row11:	4 2 4 2 5 3 0 0 
row12:	9 7 0 10 8 0 6 0 
row13:	9 7 10 2 1 6 5 0 
row14:	5 5 5 4 0 0 1 0 
row15:	4 2 1 5 5 3 0 0 
row16:	9 7 0 3 4 6 6 5 
row17:	5 5 5 5 0 0 0 0 
row18:	4 2 5 5 3 0 1 0 
row19:	5 5 4 0 1 0 5 0 
row20:	4 2 2 2 5 5 0 0 
row21:	9 7 0 10 4 4 6 0 
row22:	9 7 10 2 5 6 1 0 
row23:	5 5 5 0 0 0 5 0 
row24:	4 2 1 5 5 3 0 0 
row25:	5 5 0 5 4 0 1 0 
row26:	4 2 0 2 0 5 5 2 
row27:	9 7 10 10 3 0 1 0 
row28:	5 5 4 0 1 0 5 0 
row29:	4 2 2 2 5 4 1 0 
row30:	9 7 0 10 9 0 5 0 
row31:	9 7 10 2 0 9 3 0 
row32:	5 5 5 2 0 0 3 0 
row33:	4 2 1 5 5 3 0 0 
rbegin=230, rend=240
tnum=8
lte[0]=9
lte[1]=7
lte[2]=0
lte[3]=5
lte[4]=4
lte[5]=0
lte[6]=6
lte[7]=0
lb=31
currentRow is 34
row0:	9 7 10 10 3 0 1 0 
row1:	5 5 4 0 1 0 5 0 
row2:	4 2 2 2 5 5 0 0 
row3:	5 5 0 5 0 4 1 0 
row4:	4 2 0 5 4 0 5 0 
row5:	9 7 10 2 5 6 1 0 
row6:	5 5 5 0 0 0 5 0 
row7:	4 2 1 5 5 3 0 0 
row8:	9 7 0 7 4 7 6 0 
row9:	9 7 10 10 3 0 1 0 
row10:	5 5 2 0 1 2 5 0 
row11:	4 2 4 2 5 3 0 0 
row12:	9 7 0 10 8 0 6 0 
row13:	9 7 10 2 1 6 5 0 
row14:	5 5 5 4 0 0 1 0 
row15:	4 2 1 5 5 3 0 0 
row16:	9 7 0 3 4 6 6 5 
row17:	5 5 5 5 0 0 0 0 
row18:	4 2 5 5 3 0 1 0 
row19:	5 5 4 0 1 0 5 0 
row20:	4 2 2 2 5 5 0 0 
row21:	9 7 0 10 4 4 6 0 
row22:	9 7 10 2 5 6 1 0 
row23:	5 5 5 0 0 0 5 0 
row24:	4 2 1 5 5 3 0 0 
row25:	5 5 0 5 4 0 1 0 
row26:	4 2 0 2 0 5 5 2 
row27:	9 7 10 10 3 0 1 0 
row28:	5 5 4 0 1 0 5 0 
row29:	4 2 2 2 5 4 1 0 
row30:	9 7 0 10 9 0 5 0 
row31:	9 7 10 2 0 9 3 0 
row32:	5 5 5 2 0 0 3 0 
row33:	4 2 1 5 5 3 0 0 
row34:	9 7 0 5 4 6 6 3 
rbegin=240, rend=250
tnum=8
lte[0]=9
lte[1]=7
lte[2]=0
lte[3]=2
lte[4]=0
lte[5]=0
lte[6]=1
lte[7]=0
lb=19
currentRow is 35
row0:	9 7 10 10 3 0 1 0 
row1:	5 5 4 0 1 0 5 0 
row2:	4 2 2 2 5 5 0 0 
row3:	5 5 0 5 0 4 1 0 
row4:	4 2 0 5 4 0 5 0 
row5:	9 7 10 2 5 6 1 0 
row6:	5 5 5 0 0 0 5 0 
row7:	4 2 1 5 5 3 0 0 
row8:	9 7 0 7 4 7 6 0 
row9:	9 7 10 10 3 0 1 0 
row10:	5 5 2 0 1 2 5 0 
row11:	4 2 4 2 5 3 0 0 
row12:	9 7 0 10 8 0 6 0 
row13:	9 7 10 2 1 6 5 0 
row14:	5 5 5 4 0 0 1 0 
row15:	4 2 1 5 5 3 0 0 
row16:	9 7 0 3 4 6 6 5 
row17:	5 5 5 5 0 0 0 0 
row18:	4 2 5 5 3 0 1 0 
row19:	5 5 4 0 1 0 5 0 
row20:	4 2 2 2 5 5 0 0 
row21:	9 7 0 10 4 4 6 0 
row22:	9 7 10 2 5 6 1 0 
row23:	5 5 5 0 0 0 5 0 
row24:	4 2 1 5 5 3 0 0 
row25:	5 5 0 5 4 0 1 0 
row26:	4 2 0 2 0 5 5 2 
row27:	9 7 10 10 3 0 1 0 
row28:	5 5 4 0 1 0 5 0 
row29:	4 2 2 2 5 4 1 0 
row30:	9 7 0 10 9 0 5 0 
row31:	9 7 10 2 0 9 3 0 
row32:	5 5 5 2 0 0 3 0 
row33:	4 2 1 5 5 3 0 0 
row34:	9 7 0 5 4 6 6 3 
row35:	9 7 10 10 3 0 1 0 
rbegin=250, rend=255
tnum=8
lte[0]=4
lte[1]=2
lte[2]=0
lte[3]=0
lte[4]=1
lte[5]=0
lte[6]=5
lte[7]=0
lb=12
currentRow is 36
row0:	9 7 10 10 3 0 1 0 
row1:	5 5 4 0 1 0 5 0 
row2:	4 2 2 2 5 5 0 0 
row3:	5 5 0 5 0 4 1 0 
row4:	4 2 0 5 4 0 5 0 
row5:	9 7 10 2 5 6 1 0 
row6:	5 5 5 0 0 0 5 0 
row7:	4 2 1 5 5 3 0 0 
row8:	9 7 0 7 4 7 6 0 
row9:	9 7 10 10 3 0 1 0 
row10:	5 5 2 0 1 2 5 0 
row11:	4 2 4 2 5 3 0 0 
row12:	9 7 0 10 8 0 6 0 
row13:	9 7 10 2 1 6 5 0 
row14:	5 5 5 4 0 0 1 0 
row15:	4 2 1 5 5 3 0 0 
row16:	9 7 0 3 4 6 6 5 
row17:	5 5 5 5 0 0 0 0 
row18:	4 2 5 5 3 0 1 0 
row19:	5 5 4 0 1 0 5 0 
row20:	4 2 2 2 5 5 0 0 
row21:	9 7 0 10 4 4 6 0 
row22:	9 7 10 2 5 6 1 0 
row23:	5 5 5 0 0 0 5 0 
row24:	4 2 1 5 5 3 0 0 
row25:	5 5 0 5 4 0 1 0 
row26:	4 2 0 2 0 5 5 2 
row27:	9 7 10 10 3 0 1 0 
row28:	5 5 4 0 1 0 5 0 
row29:	4 2 2 2 5 4 1 0 
row30:	9 7 0 10 9 0 5 0 
row31:	9 7 10 2 0 9 3 0 
row32:	5 5 5 2 0 0 3 0 
row33:	4 2 1 5 5 3 0 0 
row34:	9 7 0 5 4 6 6 3 
row35:	9 7 10 10 3 0 1 0 
row36:	5 5 4 0 1 0 5 0 
rbegin=255, rend=260
tnum=8
lte[0]=4
lte[1]=2
lte[2]=0
lte[3]=2
lte[4]=5
lte[5]=0
lte[6]=0
lte[7]=0
lb=13
currentRow is 37
row0:	9 7 10 10 3 0 1 0 
row1:	5 5 4 0 1 0 5 0 
row2:	4 2 2 2 5 5 0 0 
row3:	5 5 0 5 0 4 1 0 
row4:	4 2 0 5 4 0 5 0 
row5:	9 7 10 2 5 6 1 0 
row6:	5 5 5 0 0 0 5 0 
row7:	4 2 1 5 5 3 0 0 
row8:	9 7 0 7 4 7 6 0 
row9:	9 7 10 10 3 0 1 0 
row10:	5 5 2 0 1 2 5 0 
row11:	4 2 4 2 5 3 0 0 
row12:	9 7 0 10 8 0 6 0 
row13:	9 7 10 2 1 6 5 0 
row14:	5 5 5 4 0 0 1 0 
row15:	4 2 1 5 5 3 0 0 
row16:	9 7 0 3 4 6 6 5 
row17:	5 5 5 5 0 0 0 0 
row18:	4 2 5 5 3 0 1 0 
row19:	5 5 4 0 1 0 5 0 
row20:	4 2 2 2 5 5 0 0 
row21:	9 7 0 10 4 4 6 0 
row22:	9 7 10 2 5 6 1 0 
row23:	5 5 5 0 0 0 5 0 
row24:	4 2 1 5 5 3 0 0 
row25:	5 5 0 5 4 0 1 0 
row26:	4 2 0 2 0 5 5 2 
row27:	9 7 10 10 3 0 1 0 
row28:	5 5 4 0 1 0 5 0 
row29:	4 2 2 2 5 4 1 0 
row30:	9 7 0 10 9 0 5 0 
row31:	9 7 10 2 0 9 3 0 
row32:	5 5 5 2 0 0 3 0 
row33:	4 2 1 5 5 3 0 0 
row34:	9 7 0 5 4 6 6 3 
row35:	9 7 10 10 3 0 1 0 
row36:	5 5 4 0 1 0 5 0 
row37:	4 2 2 2 5 5 0 0 
rbegin=260, rend=270
tnum=8
lte[0]=9
lte[1]=7
lte[2]=0
lte[3]=2
lte[4]=0
lte[5]=0
lte[6]=6
lte[7]=0
lb=24
currentRow is 38
row0:	9 7 10 10 3 0 1 0 
row1:	5 5 4 0 1 0 5 0 
row2:	4 2 2 2 5 5 0 0 
row3:	5 5 0 5 0 4 1 0 
row4:	4 2 0 5 4 0 5 0 
row5:	9 7 10 2 5 6 1 0 
row6:	5 5 5 0 0 0 5 0 
row7:	4 2 1 5 5 3 0 0 
row8:	9 7 0 7 4 7 6 0 
row9:	9 7 10 10 3 0 1 0 
row10:	5 5 2 0 1 2 5 0 
row11:	4 2 4 2 5 3 0 0 
row12:	9 7 0 10 8 0 6 0 
row13:	9 7 10 2 1 6 5 0 
row14:	5 5 5 4 0 0 1 0 
row15:	4 2 1 5 5 3 0 0 
row16:	9 7 0 3 4 6 6 5 
row17:	5 5 5 5 0 0 0 0 
row18:	4 2 5 5 3 0 1 0 
row19:	5 5 4 0 1 0 5 0 
row20:	4 2 2 2 5 5 0 0 
row21:	9 7 0 10 4 4 6 0 
row22:	9 7 10 2 5 6 1 0 
row23:	5 5 5 0 0 0 5 0 
row24:	4 2 1 5 5 3 0 0 
row25:	5 5 0 5 4 0 1 0 
row26:	4 2 0 2 0 5 5 2 
row27:	9 7 10 10 3 0 1 0 
row28:	5 5 4 0 1 0 5 0 
row29:	4 2 2 2 5 4 1 0 
row30:	9 7 0 10 9 0 5 0 
row31:	9 7 10 2 0 9 3 0 
row32:	5 5 5 2 0 0 3 0 
row33:	4 2 1 5 5 3 0 0 
row34:	9 7 0 5 4 6 6 3 
row35:	9 7 10 10 3 0 1 0 
row36:	5 5 4 0 1 0 5 0 
row37:	4 2 2 2 5 5 0 0 
row38:	9 7 0 10 8 0 6 0 
rbegin=270, rend=275
tnum=8
lte[0]=4
lte[1]=2
lte[2]=0
lte[3]=0
lte[4]=0
lte[5]=4
lte[6]=0
lte[7]=0
lb=10
currentRow is 39
row0:	9 7 10 10 3 0 1 0 
row1:	5 5 4 0 1 0 5 0 
row2:	4 2 2 2 5 5 0 0 
row3:	5 5 0 5 0 4 1 0 
row4:	4 2 0 5 4 0 5 0 
row5:	9 7 10 2 5 6 1 0 
row6:	5 5 5 0 0 0 5 0 
row7:	4 2 1 5 5 3 0 0 
row8:	9 7 0 7 4 7 6 0 
row9:	9 7 10 10 3 0 1 0 
row10:	5 5 2 0 1 2 5 0 
row11:	4 2 4 2 5 3 0 0 
row12:	9 7 0 10 8 0 6 0 
row13:	9 7 10 2 1 6 5 0 
row14:	5 5 5 4 0 0 1 0 
row15:	4 2 1 5 5 3 0 0 
row16:	9 7 0 3 4 6 6 5 
row17:	5 5 5 5 0 0 0 0 
row18:	4 2 5 5 3 0 1 0 
row19:	5 5 4 0 1 0 5 0 
row20:	4 2 2 2 5 5 0 0 
row21:	9 7 0 10 4 4 6 0 
row22:	9 7 10 2 5 6 1 0 
row23:	5 5 5 0 0 0 5 0 
row24:	4 2 1 5 5 3 0 0 
row25:	5 5 0 5 4 0 1 0 
row26:	4 2 0 2 0 5 5 2 
row27:	9 7 10 10 3 0 1 0 
row28:	5 5 4 0 1 0 5 0 
row29:	4 2 2 2 5 4 1 0 
row30:	9 7 0 10 9 0 5 0 
row31:	9 7 10 2 0 9 3 0 
row32:	5 5 5 2 0 0 3 0 
row33:	4 2 1 5 5 3 0 0 
row34:	9 7 0 5 4 6 6 3 
row35:	9 7 10 10 3 0 1 0 
row36:	5 5 4 0 1 0 5 0 
row37:	4 2 2 2 5 5 0 0 
row38:	9 7 0 10 8 0 6 0 
row39:	5 5 5 1 0 4 0 0 
rbegin=275, rend=280
tnum=8
lte[0]=4
lte[1]=2
lte[2]=0
lte[3]=1
lte[4]=1
lte[5]=0
lte[6]=1
lte[7]=0
lb=9
currentRow is 40
row0:	9 7 10 10 3 0 1 0 
row1:	5 5 4 0 1 0 5 0 
row2:	4 2 2 2 5 5 0 0 
row3:	5 5 0 5 0 4 1 0 
row4:	4 2 0 5 4 0 5 0 
row5:	9 7 10 2 5 6 1 0 
row6:	5 5 5 0 0 0 5 0 
row7:	4 2 1 5 5 3 0 0 
row8:	9 7 0 7 4 7 6 0 
row9:	9 7 10 10 3 0 1 0 
row10:	5 5 2 0 1 2 5 0 
row11:	4 2 4 2 5 3 0 0 
row12:	9 7 0 10 8 0 6 0 
row13:	9 7 10 2 1 6 5 0 
row14:	5 5 5 4 0 0 1 0 
row15:	4 2 1 5 5 3 0 0 
row16:	9 7 0 3 4 6 6 5 
row17:	5 5 5 5 0 0 0 0 
row18:	4 2 5 5 3 0 1 0 
row19:	5 5 4 0 1 0 5 0 
row20:	4 2 2 2 5 5 0 0 
row21:	9 7 0 10 4 4 6 0 
row22:	9 7 10 2 5 6 1 0 
row23:	5 5 5 0 0 0 5 0 
row24:	4 2 1 5 5 3 0 0 
row25:	5 5 0 5 4 0 1 0 
row26:	4 2 0 2 0 5 5 2 
row27:	9 7 10 10 3 0 1 0 
row28:	5 5 4 0 1 0 5 0 
row29:	4 2 2 2 5 4 1 0 
row30:	9 7 0 10 9 0 5 0 
row31:	9 7 10 2 0 9 3 0 
row32:	5 5 5 2 0 0 3 0 
row33:	4 2 1 5 5 3 0 0 
row34:	9 7 0 5 4 6 6 3 
row35:	9 7 10 10 3 0 1 0 
row36:	5 5 4 0 1 0 5 0 
row37:	4 2 2 2 5 5 0 0 
row38:	9 7 0 10 8 0 6 0 
row39:	5 5 5 1 0 4 0 0 
row40:	4 2 5 1 1 5 2 0 
rbegin=280, rend=285
tnum=8
lte[0]=4
lte[1]=2
lte[2]=0
lte[3]=0
lte[4]=0
lte[5]=0
lte[6]=4
lte[7]=0
lb=10
currentRow is 41
row0:	9 7 10 10 3 0 1 0 
row1:	5 5 4 0 1 0 5 0 
row2:	4 2 2 2 5 5 0 0 
row3:	5 5 0 5 0 4 1 0 
row4:	4 2 0 5 4 0 5 0 
row5:	9 7 10 2 5 6 1 0 
row6:	5 5 5 0 0 0 5 0 
row7:	4 2 1 5 5 3 0 0 
row8:	9 7 0 7 4 7 6 0 
row9:	9 7 10 10 3 0 1 0 
row10:	5 5 2 0 1 2 5 0 
row11:	4 2 4 2 5 3 0 0 
row12:	9 7 0 10 8 0 6 0 
row13:	9 7 10 2 1 6 5 0 
row14:	5 5 5 4 0 0 1 0 
row15:	4 2 1 5 5 3 0 0 
row16:	9 7 0 3 4 6 6 5 
row17:	5 5 5 5 0 0 0 0 
row18:	4 2 5 5 3 0 1 0 
row19:	5 5 4 0 1 0 5 0 
row20:	4 2 2 2 5 5 0 0 
row21:	9 7 0 10 4 4 6 0 
row22:	9 7 10 2 5 6 1 0 
row23:	5 5 5 0 0 0 5 0 
row24:	4 2 1 5 5 3 0 0 
row25:	5 5 0 5 4 0 1 0 
row26:	4 2 0 2 0 5 5 2 
row27:	9 7 10 10 3 0 1 0 
row28:	5 5 4 0 1 0 5 0 
row29:	4 2 2 2 5 4 1 0 
row30:	9 7 0 10 9 0 5 0 
row31:	9 7 10 2 0 9 3 0 
row32:	5 5 5 2 0 0 3 0 
row33:	4 2 1 5 5 3 0 0 
row34:	9 7 0 5 4 6 6 3 
row35:	9 7 10 10 3 0 1 0 
row36:	5 5 4 0 1 0 5 0 
row37:	4 2 2 2 5 5 0 0 
row38:	9 7 0 10 8 0 6 0 
row39:	5 5 5 1 0 4 0 0 
row40:	4 2 5 1 1 5 2 0 
row41:	5 5 5 1 0 0 4 0 
rbegin=285, rend=290
tnum=8
lte[0]=4
lte[1]=2
lte[2]=0
lte[3]=1
lte[4]=0
lte[5]=0
lte[6]=0
lte[7]=0
lb=7
currentRow is 42
row0:	9 7 10 10 3 0 1 0 
row1:	5 5 4 0 1 0 5 0 
row2:	4 2 2 2 5 5 0 0 
row3:	5 5 0 5 0 4 1 0 
row4:	4 2 0 5 4 0 5 0 
row5:	9 7 10 2 5 6 1 0 
row6:	5 5 5 0 0 0 5 0 
row7:	4 2 1 5 5 3 0 0 
row8:	9 7 0 7 4 7 6 0 
row9:	9 7 10 10 3 0 1 0 
row10:	5 5 2 0 1 2 5 0 
row11:	4 2 4 2 5 3 0 0 
row12:	9 7 0 10 8 0 6 0 
row13:	9 7 10 2 1 6 5 0 
row14:	5 5 5 4 0 0 1 0 
row15:	4 2 1 5 5 3 0 0 
row16:	9 7 0 3 4 6 6 5 
row17:	5 5 5 5 0 0 0 0 
row18:	4 2 5 5 3 0 1 0 
row19:	5 5 4 0 1 0 5 0 
row20:	4 2 2 2 5 5 0 0 
row21:	9 7 0 10 4 4 6 0 
row22:	9 7 10 2 5 6 1 0 
row23:	5 5 5 0 0 0 5 0 
row24:	4 2 1 5 5 3 0 0 
row25:	5 5 0 5 4 0 1 0 
row26:	4 2 0 2 0 5 5 2 
row27:	9 7 10 10 3 0 1 0 
row28:	5 5 4 0 1 0 5 0 
row29:	4 2 2 2 5 4 1 0 
row30:	9 7 0 10 9 0 5 0 
row31:	9 7 10 2 0 9 3 0 
row32:	5 5 5 2 0 0 3 0 
row33:	4 2 1 5 5 3 0 0 
row34:	9 7 0 5 4 6 6 3 
row35:	9 7 10 10 3 0 1 0 
row36:	5 5 4 0 1 0 5 0 
row37:	4 2 2 2 5 5 0 0 
row38:	9 7 0 10 8 0 6 0 
row39:	5 5 5 1 0 4 0 0 
row40:	4 2 5 1 1 5 2 0 
row41:	5 5 5 1 0 0 4 0 
row42:	4 2 1 5 5 3 0 0 
rbegin=290, rend=300
tnum=8
lte[0]=9
lte[1]=7
lte[2]=0
lte[3]=6
lte[4]=4
lte[5]=1
lte[6]=6
lte[7]=7
lb=40
currentRow is 43
row0:	9 7 10 10 3 0 1 0 
row1:	5 5 4 0 1 0 5 0 
row2:	4 2 2 2 5 5 0 0 
row3:	5 5 0 5 0 4 1 0 
row4:	4 2 0 5 4 0 5 0 
row5:	9 7 10 2 5 6 1 0 
row6:	5 5 5 0 0 0 5 0 
row7:	4 2 1 5 5 3 0 0 
row8:	9 7 0 7 4 7 6 0 
row9:	9 7 10 10 3 0 1 0 
row10:	5 5 2 0 1 2 5 0 
row11:	4 2 4 2 5 3 0 0 
row12:	9 7 0 10 8 0 6 0 
row13:	9 7 10 2 1 6 5 0 
row14:	5 5 5 4 0 0 1 0 
row15:	4 2 1 5 5 3 0 0 
row16:	9 7 0 3 4 6 6 5 
row17:	5 5 5 5 0 0 0 0 
row18:	4 2 5 5 3 0 1 0 
row19:	5 5 4 0 1 0 5 0 
row20:	4 2 2 2 5 5 0 0 
row21:	9 7 0 10 4 4 6 0 
row22:	9 7 10 2 5 6 1 0 
row23:	5 5 5 0 0 0 5 0 
row24:	4 2 1 5 5 3 0 0 
row25:	5 5 0 5 4 0 1 0 
row26:	4 2 0 2 0 5 5 2 
row27:	9 7 10 10 3 0 1 0 
row28:	5 5 4 0 1 0 5 0 
row29:	4 2 2 2 5 4 1 0 
row30:	9 7 0 10 9 0 5 0 
row31:	9 7 10 2 0 9 3 0 
row32:	5 5 5 2 0 0 3 0 
row33:	4 2 1 5 5 3 0 0 
row34:	9 7 0 5 4 6 6 3 
row35:	9 7 10 10 3 0 1 0 
row36:	5 5 4 0 1 0 5 0 
row37:	4 2 2 2 5 5 0 0 
row38:	9 7 0 10 8 0 6 0 
row39:	5 5 5 1 0 4 0 0 
row40:	4 2 5 1 1 5 2 0 
row41:	5 5 5 1 0 0 4 0 
row42:	4 2 1 5 5 3 0 0 
row43:	9 7 0 6 4 1 6 7 
