laxity[0]=1
laxity[1]=1
laxity[2]=6
laxity[3]=2
laxity[4]=15
laxity[5]=14
laxity[6]=12
laxity[7]=4
rbegin=0, rend=5
tnum=8
lte[0]=4
lte[1]=4
lte[2]=0
lte[3]=3
lte[4]=0
lte[5]=0
lte[6]=0
lte[7]=1
lb=12
currentRow is 0
row0:	4 4 5 3 3 0 0 1 
rbegin=5, rend=10
tnum=8
lte[0]=4
lte[1]=4
lte[2]=0
lte[3]=3
lte[4]=0
lte[5]=0
lte[6]=0
lte[7]=1
lb=12
currentRow is 1
row0:	4 4 5 3 3 0 0 1 
row1:	4 4 5 3 3 0 0 1 
rbegin=10, rend=15
tnum=8
lte[0]=4
lte[1]=4
lte[2]=0
lte[3]=3
lte[4]=0
lte[5]=1
lte[6]=3
lte[7]=1
lb=16
currentRow is 2
row0:	4 4 5 3 3 0 0 1 
row1:	4 4 5 3 3 0 0 1 
row2:	4 4 4 3 0 1 3 1 
rbegin=15, rend=20
tnum=8
lte[0]=4
lte[1]=4
lte[2]=0
lte[3]=3
lte[4]=0
lte[5]=5
lte[6]=0
lte[7]=1
lb=17
currentRow is 3
row0:	4 4 5 3 3 0 0 1 
row1:	4 4 5 3 3 0 0 1 
row2:	4 4 4 3 0 1 3 1 
row3:	4 4 0 3 3 5 0 1 
rbegin=20, rend=25
tnum=8
lte[0]=4
lte[1]=4
lte[2]=0
lte[3]=3
lte[4]=1
lte[5]=0
lte[6]=0
lte[7]=1
lb=13
currentRow is 4
row0:	4 4 5 3 3 0 0 1 
row1:	4 4 5 3 3 0 0 1 
row2:	4 4 4 3 0 1 3 1 
row3:	4 4 0 3 3 5 0 1 
row4:	4 4 5 3 1 2 0 1 
rbegin=25, rend=30
tnum=8
lte[0]=4
lte[1]=4
lte[2]=0
lte[3]=3
lte[4]=0
lte[5]=0
lte[6]=3
lte[7]=1
lb=15
currentRow is 5
row0:	4 4 5 3 3 0 0 1 
row1:	4 4 5 3 3 0 0 1 
row2:	4 4 4 3 0 1 3 1 
row3:	4 4 0 3 3 5 0 1 
row4:	4 4 5 3 1 2 0 1 
row5:	4 4 5 3 0 0 3 1 
rbegin=30, rend=35
tnum=8
lte[0]=4
lte[1]=4
lte[2]=0
lte[3]=3
lte[4]=0
lte[5]=0
lte[6]=0
lte[7]=1
lb=12
currentRow is 6
row0:	4 4 5 3 3 0 0 1 
row1:	4 4 5 3 3 0 0 1 
row2:	4 4 4 3 0 1 3 1 
row3:	4 4 0 3 3 5 0 1 
row4:	4 4 5 3 1 2 0 1 
row5:	4 4 5 3 0 0 3 1 
row6:	4 4 4 3 4 0 0 1 
rbegin=35, rend=40
tnum=8
lte[0]=4
lte[1]=4
lte[2]=0
lte[3]=3
lte[4]=0
lte[5]=4
lte[6]=0
lte[7]=1
lb=16
currentRow is 7
row0:	4 4 5 3 3 0 0 1 
row1:	4 4 5 3 3 0 0 1 
row2:	4 4 4 3 0 1 3 1 
row3:	4 4 0 3 3 5 0 1 
row4:	4 4 5 3 1 2 0 1 
row5:	4 4 5 3 0 0 3 1 
row6:	4 4 4 3 4 0 0 1 
row7:	4 4 0 3 4 4 0 1 
rbegin=40, rend=45
tnum=8
lte[0]=4
lte[1]=4
lte[2]=0
lte[3]=3
lte[4]=0
lte[5]=0
lte[6]=3
lte[7]=1
lb=15
currentRow is 8
row0:	4 4 5 3 3 0 0 1 
row1:	4 4 5 3 3 0 0 1 
row2:	4 4 4 3 0 1 3 1 
row3:	4 4 0 3 3 5 0 1 
row4:	4 4 5 3 1 2 0 1 
row5:	4 4 5 3 0 0 3 1 
row6:	4 4 4 3 4 0 0 1 
row7:	4 4 0 3 4 4 0 1 
row8:	4 4 5 3 0 0 3 1 
rbegin=45, rend=50
tnum=8
lte[0]=4
lte[1]=4
lte[2]=0
lte[3]=3
lte[4]=2
lte[5]=0
lte[6]=0
lte[7]=1
lb=14
currentRow is 9
row0:	4 4 5 3 3 0 0 1 
row1:	4 4 5 3 3 0 0 1 
row2:	4 4 4 3 0 1 3 1 
row3:	4 4 0 3 3 5 0 1 
row4:	4 4 5 3 1 2 0 1 
row5:	4 4 5 3 0 0 3 1 
row6:	4 4 4 3 4 0 0 1 
row7:	4 4 0 3 4 4 0 1 
row8:	4 4 5 3 0 0 3 1 
row9:	4 4 5 3 2 1 0 1 
rbegin=50, rend=55
tnum=8
lte[0]=4
lte[1]=4
lte[2]=0
lte[3]=3
lte[4]=0
lte[5]=0
lte[6]=0
lte[7]=1
lb=12
currentRow is 10
row0:	4 4 5 3 3 0 0 1 
row1:	4 4 5 3 3 0 0 1 
row2:	4 4 4 3 0 1 3 1 
row3:	4 4 0 3 3 5 0 1 
row4:	4 4 5 3 1 2 0 1 
row5:	4 4 5 3 0 0 3 1 
row6:	4 4 4 3 4 0 0 1 
row7:	4 4 0 3 4 4 0 1 
row8:	4 4 5 3 0 0 3 1 
row9:	4 4 5 3 2 1 0 1 
row10:	4 4 4 3 4 0 0 1 
rbegin=55, rend=60
tnum=8
lte[0]=4
lte[1]=4
lte[2]=0
lte[3]=3
lte[4]=0
lte[5]=5
lte[6]=3
lte[7]=1
lb=20
currentRow is 11
row0:	4 4 5 3 3 0 0 1 
row1:	4 4 5 3 3 0 0 1 
row2:	4 4 4 3 0 1 3 1 
row3:	4 4 0 3 3 5 0 1 
row4:	4 4 5 3 1 2 0 1 
row5:	4 4 5 3 0 0 3 1 
row6:	4 4 4 3 4 0 0 1 
row7:	4 4 0 3 4 4 0 1 
row8:	4 4 5 3 0 0 3 1 
row9:	4 4 5 3 2 1 0 1 
row10:	4 4 4 3 4 0 0 1 
row11:	4 4 0 3 0 5 3 1 
rbegin=60, rend=65
tnum=8
lte[0]=4
lte[1]=4
lte[2]=0
lte[3]=3
lte[4]=0
lte[5]=0
lte[6]=0
lte[7]=1
lb=12
currentRow is 12
row0:	4 4 5 3 3 0 0 1 
row1:	4 4 5 3 3 0 0 1 
row2:	4 4 4 3 0 1 3 1 
row3:	4 4 0 3 3 5 0 1 
row4:	4 4 5 3 1 2 0 1 
row5:	4 4 5 3 0 0 3 1 
row6:	4 4 4 3 4 0 0 1 
row7:	4 4 0 3 4 4 0 1 
row8:	4 4 5 3 0 0 3 1 
row9:	4 4 5 3 2 1 0 1 
row10:	4 4 4 3 4 0 0 1 
row11:	4 4 0 3 0 5 3 1 
row12:	4 4 5 3 3 0 0 1 
rbegin=65, rend=70
tnum=8
lte[0]=4
lte[1]=4
lte[2]=0
lte[3]=3
lte[4]=0
lte[5]=0
lte[6]=0
lte[7]=1
lb=12
currentRow is 13
row0:	4 4 5 3 3 0 0 1 
row1:	4 4 5 3 3 0 0 1 
row2:	4 4 4 3 0 1 3 1 
row3:	4 4 0 3 3 5 0 1 
row4:	4 4 5 3 1 2 0 1 
row5:	4 4 5 3 0 0 3 1 
row6:	4 4 4 3 4 0 0 1 
row7:	4 4 0 3 4 4 0 1 
row8:	4 4 5 3 0 0 3 1 
row9:	4 4 5 3 2 1 0 1 
row10:	4 4 4 3 4 0 0 1 
row11:	4 4 0 3 0 5 3 1 
row12:	4 4 5 3 3 0 0 1 
row13:	4 4 5 3 3 0 0 1 
rbegin=70, rend=75
tnum=8
lte[0]=4
lte[1]=4
lte[2]=0
lte[3]=3
lte[4]=0
lte[5]=1
lte[6]=3
lte[7]=1
lb=16
currentRow is 14
row0:	4 4 5 3 3 0 0 1 
row1:	4 4 5 3 3 0 0 1 
row2:	4 4 4 3 0 1 3 1 
row3:	4 4 0 3 3 5 0 1 
row4:	4 4 5 3 1 2 0 1 
row5:	4 4 5 3 0 0 3 1 
row6:	4 4 4 3 4 0 0 1 
row7:	4 4 0 3 4 4 0 1 
row8:	4 4 5 3 0 0 3 1 
row9:	4 4 5 3 2 1 0 1 
row10:	4 4 4 3 4 0 0 1 
row11:	4 4 0 3 0 5 3 1 
row12:	4 4 5 3 3 0 0 1 
row13:	4 4 5 3 3 0 0 1 
row14:	4 4 4 3 0 1 3 1 
rbegin=75, rend=80
tnum=8
lte[0]=4
lte[1]=4
lte[2]=0
lte[3]=3
lte[4]=0
lte[5]=5
lte[6]=0
lte[7]=1
lb=17
currentRow is 15
row0:	4 4 5 3 3 0 0 1 
row1:	4 4 5 3 3 0 0 1 
row2:	4 4 4 3 0 1 3 1 
row3:	4 4 0 3 3 5 0 1 
row4:	4 4 5 3 1 2 0 1 
row5:	4 4 5 3 0 0 3 1 
row6:	4 4 4 3 4 0 0 1 
row7:	4 4 0 3 4 4 0 1 
row8:	4 4 5 3 0 0 3 1 
row9:	4 4 5 3 2 1 0 1 
row10:	4 4 4 3 4 0 0 1 
row11:	4 4 0 3 0 5 3 1 
row12:	4 4 5 3 3 0 0 1 
row13:	4 4 5 3 3 0 0 1 
row14:	4 4 4 3 0 1 3 1 
row15:	4 4 0 3 3 5 0 1 
rbegin=80, rend=85
tnum=8
lte[0]=4
lte[1]=4
lte[2]=0
lte[3]=3
lte[4]=0
lte[5]=0
lte[6]=0
lte[7]=1
lb=12
currentRow is 16
row0:	4 4 5 3 3 0 0 1 
row1:	4 4 5 3 3 0 0 1 
row2:	4 4 4 3 0 1 3 1 
row3:	4 4 0 3 3 5 0 1 
row4:	4 4 5 3 1 2 0 1 
row5:	4 4 5 3 0 0 3 1 
row6:	4 4 4 3 4 0 0 1 
row7:	4 4 0 3 4 4 0 1 
row8:	4 4 5 3 0 0 3 1 
row9:	4 4 5 3 2 1 0 1 
row10:	4 4 4 3 4 0 0 1 
row11:	4 4 0 3 0 5 3 1 
row12:	4 4 5 3 3 0 0 1 
row13:	4 4 5 3 3 0 0 1 
row14:	4 4 4 3 0 1 3 1 
row15:	4 4 0 3 3 5 0 1 
row16:	4 4 5 3 3 0 0 1 
rbegin=85, rend=90
tnum=8
lte[0]=4
lte[1]=4
lte[2]=0
lte[3]=3
lte[4]=0
lte[5]=0
lte[6]=3
lte[7]=1
lb=15
currentRow is 17
row0:	4 4 5 3 3 0 0 1 
row1:	4 4 5 3 3 0 0 1 
row2:	4 4 4 3 0 1 3 1 
row3:	4 4 0 3 3 5 0 1 
row4:	4 4 5 3 1 2 0 1 
row5:	4 4 5 3 0 0 3 1 
row6:	4 4 4 3 4 0 0 1 
row7:	4 4 0 3 4 4 0 1 
row8:	4 4 5 3 0 0 3 1 
row9:	4 4 5 3 2 1 0 1 
row10:	4 4 4 3 4 0 0 1 
row11:	4 4 0 3 0 5 3 1 
row12:	4 4 5 3 3 0 0 1 
row13:	4 4 5 3 3 0 0 1 
row14:	4 4 4 3 0 1 3 1 
row15:	4 4 0 3 3 5 0 1 
row16:	4 4 5 3 3 0 0 1 
row17:	4 4 5 3 0 0 3 1 
rbegin=90, rend=95
tnum=8
lte[0]=4
lte[1]=4
lte[2]=0
lte[3]=3
lte[4]=0
lte[5]=1
lte[6]=0
lte[7]=1
lb=13
currentRow is 18
row0:	4 4 5 3 3 0 0 1 
row1:	4 4 5 3 3 0 0 1 
row2:	4 4 4 3 0 1 3 1 
row3:	4 4 0 3 3 5 0 1 
row4:	4 4 5 3 1 2 0 1 
row5:	4 4 5 3 0 0 3 1 
row6:	4 4 4 3 4 0 0 1 
row7:	4 4 0 3 4 4 0 1 
row8:	4 4 5 3 0 0 3 1 
row9:	4 4 5 3 2 1 0 1 
row10:	4 4 4 3 4 0 0 1 
row11:	4 4 0 3 0 5 3 1 
row12:	4 4 5 3 3 0 0 1 
row13:	4 4 5 3 3 0 0 1 
row14:	4 4 4 3 0 1 3 1 
row15:	4 4 0 3 3 5 0 1 
row16:	4 4 5 3 3 0 0 1 
row17:	4 4 5 3 0 0 3 1 
row18:	4 4 4 3 3 1 0 1 
rbegin=95, rend=100
tnum=8
lte[0]=4
lte[1]=4
lte[2]=0
lte[3]=3
lte[4]=1
lte[5]=5
lte[6]=0
lte[7]=1
lb=18
currentRow is 19
row0:	4 4 5 3 3 0 0 1 
row1:	4 4 5 3 3 0 0 1 
row2:	4 4 4 3 0 1 3 1 
row3:	4 4 0 3 3 5 0 1 
row4:	4 4 5 3 1 2 0 1 
row5:	4 4 5 3 0 0 3 1 
row6:	4 4 4 3 4 0 0 1 
row7:	4 4 0 3 4 4 0 1 
row8:	4 4 5 3 0 0 3 1 
row9:	4 4 5 3 2 1 0 1 
row10:	4 4 4 3 4 0 0 1 
row11:	4 4 0 3 0 5 3 1 
row12:	4 4 5 3 3 0 0 1 
row13:	4 4 5 3 3 0 0 1 
row14:	4 4 4 3 0 1 3 1 
row15:	4 4 0 3 3 5 0 1 
row16:	4 4 5 3 3 0 0 1 
row17:	4 4 5 3 0 0 3 1 
row18:	4 4 4 3 3 1 0 1 
row19:	4 4 0 3 1 5 2 1 
rbegin=100, rend=105
tnum=8
lte[0]=4
lte[1]=4
lte[2]=0
lte[3]=3
lte[4]=0
lte[5]=0
lte[6]=1
lte[7]=1
lb=13
currentRow is 20
row0:	4 4 5 3 3 0 0 1 
row1:	4 4 5 3 3 0 0 1 
row2:	4 4 4 3 0 1 3 1 
row3:	4 4 0 3 3 5 0 1 
row4:	4 4 5 3 1 2 0 1 
row5:	4 4 5 3 0 0 3 1 
row6:	4 4 4 3 4 0 0 1 
row7:	4 4 0 3 4 4 0 1 
row8:	4 4 5 3 0 0 3 1 
row9:	4 4 5 3 2 1 0 1 
row10:	4 4 4 3 4 0 0 1 
row11:	4 4 0 3 0 5 3 1 
row12:	4 4 5 3 3 0 0 1 
row13:	4 4 5 3 3 0 0 1 
row14:	4 4 4 3 0 1 3 1 
row15:	4 4 0 3 3 5 0 1 
row16:	4 4 5 3 3 0 0 1 
row17:	4 4 5 3 0 0 3 1 
row18:	4 4 4 3 3 1 0 1 
row19:	4 4 0 3 1 5 2 1 
row20:	4 4 5 3 2 0 1 1 
rbegin=105, rend=110
tnum=8
lte[0]=4
lte[1]=4
lte[2]=0
lte[3]=3
lte[4]=0
lte[5]=0
lte[6]=0
lte[7]=1
lb=12
currentRow is 21
row0:	4 4 5 3 3 0 0 1 
row1:	4 4 5 3 3 0 0 1 
row2:	4 4 4 3 0 1 3 1 
row3:	4 4 0 3 3 5 0 1 
row4:	4 4 5 3 1 2 0 1 
row5:	4 4 5 3 0 0 3 1 
row6:	4 4 4 3 4 0 0 1 
row7:	4 4 0 3 4 4 0 1 
row8:	4 4 5 3 0 0 3 1 
row9:	4 4 5 3 2 1 0 1 
row10:	4 4 4 3 4 0 0 1 
row11:	4 4 0 3 0 5 3 1 
row12:	4 4 5 3 3 0 0 1 
row13:	4 4 5 3 3 0 0 1 
row14:	4 4 4 3 0 1 3 1 
row15:	4 4 0 3 3 5 0 1 
row16:	4 4 5 3 3 0 0 1 
row17:	4 4 5 3 0 0 3 1 
row18:	4 4 4 3 3 1 0 1 
row19:	4 4 0 3 1 5 2 1 
row20:	4 4 5 3 2 0 1 1 
row21:	4 4 5 3 3 0 0 1 
rbegin=110, rend=115
tnum=8
lte[0]=4
lte[1]=4
lte[2]=0
lte[3]=3
lte[4]=0
lte[5]=1
lte[6]=0
lte[7]=1
lb=13
currentRow is 22
row0:	4 4 5 3 3 0 0 1 
row1:	4 4 5 3 3 0 0 1 
row2:	4 4 4 3 0 1 3 1 
row3:	4 4 0 3 3 5 0 1 
row4:	4 4 5 3 1 2 0 1 
row5:	4 4 5 3 0 0 3 1 
row6:	4 4 4 3 4 0 0 1 
row7:	4 4 0 3 4 4 0 1 
row8:	4 4 5 3 0 0 3 1 
row9:	4 4 5 3 2 1 0 1 
row10:	4 4 4 3 4 0 0 1 
row11:	4 4 0 3 0 5 3 1 
row12:	4 4 5 3 3 0 0 1 
row13:	4 4 5 3 3 0 0 1 
row14:	4 4 4 3 0 1 3 1 
row15:	4 4 0 3 3 5 0 1 
row16:	4 4 5 3 3 0 0 1 
row17:	4 4 5 3 0 0 3 1 
row18:	4 4 4 3 3 1 0 1 
row19:	4 4 0 3 1 5 2 1 
row20:	4 4 5 3 2 0 1 1 
row21:	4 4 5 3 3 0 0 1 
row22:	4 4 4 3 3 1 0 1 
rbegin=115, rend=120
tnum=8
lte[0]=4
lte[1]=4
lte[2]=0
lte[3]=3
lte[4]=0
lte[5]=5
lte[6]=3
lte[7]=1
lb=20
currentRow is 23
row0:	4 4 5 3 3 0 0 1 
row1:	4 4 5 3 3 0 0 1 
row2:	4 4 4 3 0 1 3 1 
row3:	4 4 0 3 3 5 0 1 
row4:	4 4 5 3 1 2 0 1 
row5:	4 4 5 3 0 0 3 1 
row6:	4 4 4 3 4 0 0 1 
row7:	4 4 0 3 4 4 0 1 
row8:	4 4 5 3 0 0 3 1 
row9:	4 4 5 3 2 1 0 1 
row10:	4 4 4 3 4 0 0 1 
row11:	4 4 0 3 0 5 3 1 
row12:	4 4 5 3 3 0 0 1 
row13:	4 4 5 3 3 0 0 1 
row14:	4 4 4 3 0 1 3 1 
row15:	4 4 0 3 3 5 0 1 
row16:	4 4 5 3 3 0 0 1 
row17:	4 4 5 3 0 0 3 1 
row18:	4 4 4 3 3 1 0 1 
row19:	4 4 0 3 1 5 2 1 
row20:	4 4 5 3 2 0 1 1 
row21:	4 4 5 3 3 0 0 1 
row22:	4 4 4 3 3 1 0 1 
row23:	4 4 0 3 0 5 3 1 
rbegin=120, rend=125
tnum=8
lte[0]=4
lte[1]=4
lte[2]=0
lte[3]=3
lte[4]=2
lte[5]=0
lte[6]=0
lte[7]=1
lb=14
currentRow is 24
row0:	4 4 5 3 3 0 0 1 
row1:	4 4 5 3 3 0 0 1 
row2:	4 4 4 3 0 1 3 1 
row3:	4 4 0 3 3 5 0 1 
row4:	4 4 5 3 1 2 0 1 
row5:	4 4 5 3 0 0 3 1 
row6:	4 4 4 3 4 0 0 1 
row7:	4 4 0 3 4 4 0 1 
row8:	4 4 5 3 0 0 3 1 
row9:	4 4 5 3 2 1 0 1 
row10:	4 4 4 3 4 0 0 1 
row11:	4 4 0 3 0 5 3 1 
row12:	4 4 5 3 3 0 0 1 
row13:	4 4 5 3 3 0 0 1 
row14:	4 4 4 3 0 1 3 1 
row15:	4 4 0 3 3 5 0 1 
row16:	4 4 5 3 3 0 0 1 
row17:	4 4 5 3 0 0 3 1 
row18:	4 4 4 3 3 1 0 1 
row19:	4 4 0 3 1 5 2 1 
row20:	4 4 5 3 2 0 1 1 
row21:	4 4 5 3 3 0 0 1 
row22:	4 4 4 3 3 1 0 1 
row23:	4 4 0 3 0 5 3 1 
row24:	4 4 5 3 2 1 0 1 
rbegin=125, rend=130
tnum=8
lte[0]=4
lte[1]=4
lte[2]=0
lte[3]=3
lte[4]=0
lte[5]=0
lte[6]=0
lte[7]=1
lb=12
currentRow is 25
row0:	4 4 5 3 3 0 0 1 
row1:	4 4 5 3 3 0 0 1 
row2:	4 4 4 3 0 1 3 1 
row3:	4 4 0 3 3 5 0 1 
row4:	4 4 5 3 1 2 0 1 
row5:	4 4 5 3 0 0 3 1 
row6:	4 4 4 3 4 0 0 1 
row7:	4 4 0 3 4 4 0 1 
row8:	4 4 5 3 0 0 3 1 
row9:	4 4 5 3 2 1 0 1 
row10:	4 4 4 3 4 0 0 1 
row11:	4 4 0 3 0 5 3 1 
row12:	4 4 5 3 3 0 0 1 
row13:	4 4 5 3 3 0 0 1 
row14:	4 4 4 3 0 1 3 1 
row15:	4 4 0 3 3 5 0 1 
row16:	4 4 5 3 3 0 0 1 
row17:	4 4 5 3 0 0 3 1 
row18:	4 4 4 3 3 1 0 1 
row19:	4 4 0 3 1 5 2 1 
row20:	4 4 5 3 2 0 1 1 
row21:	4 4 5 3 3 0 0 1 
row22:	4 4 4 3 3 1 0 1 
row23:	4 4 0 3 0 5 3 1 
row24:	4 4 5 3 2 1 0 1 
row25:	4 4 5 3 3 0 0 1 
rbegin=130, rend=135
tnum=8
lte[0]=4
lte[1]=4
lte[2]=0
lte[3]=3
lte[4]=0
lte[5]=0
lte[6]=3
lte[7]=1
lb=15
currentRow is 26
row0:	4 4 5 3 3 0 0 1 
row1:	4 4 5 3 3 0 0 1 
row2:	4 4 4 3 0 1 3 1 
row3:	4 4 0 3 3 5 0 1 
row4:	4 4 5 3 1 2 0 1 
row5:	4 4 5 3 0 0 3 1 
row6:	4 4 4 3 4 0 0 1 
row7:	4 4 0 3 4 4 0 1 
row8:	4 4 5 3 0 0 3 1 
row9:	4 4 5 3 2 1 0 1 
row10:	4 4 4 3 4 0 0 1 
row11:	4 4 0 3 0 5 3 1 
row12:	4 4 5 3 3 0 0 1 
row13:	4 4 5 3 3 0 0 1 
row14:	4 4 4 3 0 1 3 1 
row15:	4 4 0 3 3 5 0 1 
row16:	4 4 5 3 3 0 0 1 
row17:	4 4 5 3 0 0 3 1 
row18:	4 4 4 3 3 1 0 1 
row19:	4 4 0 3 1 5 2 1 
row20:	4 4 5 3 2 0 1 1 
row21:	4 4 5 3 3 0 0 1 
row22:	4 4 4 3 3 1 0 1 
row23:	4 4 0 3 0 5 3 1 
row24:	4 4 5 3 2 1 0 1 
row25:	4 4 5 3 3 0 0 1 
row26:	4 4 4 3 1 0 3 1 
rbegin=135, rend=140
tnum=8
lte[0]=4
lte[1]=4
lte[2]=0
lte[3]=3
lte[4]=0
lte[5]=5
lte[6]=0
lte[7]=1
lb=17
currentRow is 27
row0:	4 4 5 3 3 0 0 1 
row1:	4 4 5 3 3 0 0 1 
row2:	4 4 4 3 0 1 3 1 
row3:	4 4 0 3 3 5 0 1 
row4:	4 4 5 3 1 2 0 1 
row5:	4 4 5 3 0 0 3 1 
row6:	4 4 4 3 4 0 0 1 
row7:	4 4 0 3 4 4 0 1 
row8:	4 4 5 3 0 0 3 1 
row9:	4 4 5 3 2 1 0 1 
row10:	4 4 4 3 4 0 0 1 
row11:	4 4 0 3 0 5 3 1 
row12:	4 4 5 3 3 0 0 1 
row13:	4 4 5 3 3 0 0 1 
row14:	4 4 4 3 0 1 3 1 
row15:	4 4 0 3 3 5 0 1 
row16:	4 4 5 3 3 0 0 1 
row17:	4 4 5 3 0 0 3 1 
row18:	4 4 4 3 3 1 0 1 
row19:	4 4 0 3 1 5 2 1 
row20:	4 4 5 3 2 0 1 1 
row21:	4 4 5 3 3 0 0 1 
row22:	4 4 4 3 3 1 0 1 
row23:	4 4 0 3 0 5 3 1 
row24:	4 4 5 3 2 1 0 1 
row25:	4 4 5 3 3 0 0 1 
row26:	4 4 4 3 1 0 3 1 
row27:	4 4 0 3 3 5 0 1 
rbegin=140, rend=145
tnum=8
lte[0]=4
lte[1]=4
lte[2]=0
lte[3]=3
lte[4]=0
lte[5]=0
lte[6]=0
lte[7]=1
lb=12
currentRow is 28
row0:	4 4 5 3 3 0 0 1 
row1:	4 4 5 3 3 0 0 1 
row2:	4 4 4 3 0 1 3 1 
row3:	4 4 0 3 3 5 0 1 
row4:	4 4 5 3 1 2 0 1 
row5:	4 4 5 3 0 0 3 1 
row6:	4 4 4 3 4 0 0 1 
row7:	4 4 0 3 4 4 0 1 
row8:	4 4 5 3 0 0 3 1 
row9:	4 4 5 3 2 1 0 1 
row10:	4 4 4 3 4 0 0 1 
row11:	4 4 0 3 0 5 3 1 
row12:	4 4 5 3 3 0 0 1 
row13:	4 4 5 3 3 0 0 1 
row14:	4 4 4 3 0 1 3 1 
row15:	4 4 0 3 3 5 0 1 
row16:	4 4 5 3 3 0 0 1 
row17:	4 4 5 3 0 0 3 1 
row18:	4 4 4 3 3 1 0 1 
row19:	4 4 0 3 1 5 2 1 
row20:	4 4 5 3 2 0 1 1 
row21:	4 4 5 3 3 0 0 1 
row22:	4 4 4 3 3 1 0 1 
row23:	4 4 0 3 0 5 3 1 
row24:	4 4 5 3 2 1 0 1 
row25:	4 4 5 3 3 0 0 1 
row26:	4 4 4 3 1 0 3 1 
row27:	4 4 0 3 3 5 0 1 
row28:	4 4 5 3 3 0 0 1 
rbegin=145, rend=150
tnum=8
lte[0]=4
lte[1]=4
lte[2]=0
lte[3]=3
lte[4]=0
lte[5]=0
lte[6]=3
lte[7]=1
lb=15
currentRow is 29
row0:	4 4 5 3 3 0 0 1 
row1:	4 4 5 3 3 0 0 1 
row2:	4 4 4 3 0 1 3 1 
row3:	4 4 0 3 3 5 0 1 
row4:	4 4 5 3 1 2 0 1 
row5:	4 4 5 3 0 0 3 1 
row6:	4 4 4 3 4 0 0 1 
row7:	4 4 0 3 4 4 0 1 
row8:	4 4 5 3 0 0 3 1 
row9:	4 4 5 3 2 1 0 1 
row10:	4 4 4 3 4 0 0 1 
row11:	4 4 0 3 0 5 3 1 
row12:	4 4 5 3 3 0 0 1 
row13:	4 4 5 3 3 0 0 1 
row14:	4 4 4 3 0 1 3 1 
row15:	4 4 0 3 3 5 0 1 
row16:	4 4 5 3 3 0 0 1 
row17:	4 4 5 3 0 0 3 1 
row18:	4 4 4 3 3 1 0 1 
row19:	4 4 0 3 1 5 2 1 
row20:	4 4 5 3 2 0 1 1 
row21:	4 4 5 3 3 0 0 1 
row22:	4 4 4 3 3 1 0 1 
row23:	4 4 0 3 0 5 3 1 
row24:	4 4 5 3 2 1 0 1 
row25:	4 4 5 3 3 0 0 1 
row26:	4 4 4 3 1 0 3 1 
row27:	4 4 0 3 3 5 0 1 
row28:	4 4 5 3 3 0 0 1 
row29:	4 4 5 3 0 0 3 1 
rbegin=150, rend=155
tnum=8
lte[0]=4
lte[1]=4
lte[2]=0
lte[3]=3
lte[4]=0
lte[5]=1
lte[6]=0
lte[7]=1
lb=13
currentRow is 30
row0:	4 4 5 3 3 0 0 1 
row1:	4 4 5 3 3 0 0 1 
row2:	4 4 4 3 0 1 3 1 
row3:	4 4 0 3 3 5 0 1 
row4:	4 4 5 3 1 2 0 1 
row5:	4 4 5 3 0 0 3 1 
row6:	4 4 4 3 4 0 0 1 
row7:	4 4 0 3 4 4 0 1 
row8:	4 4 5 3 0 0 3 1 
row9:	4 4 5 3 2 1 0 1 
row10:	4 4 4 3 4 0 0 1 
row11:	4 4 0 3 0 5 3 1 
row12:	4 4 5 3 3 0 0 1 
row13:	4 4 5 3 3 0 0 1 
row14:	4 4 4 3 0 1 3 1 
row15:	4 4 0 3 3 5 0 1 
row16:	4 4 5 3 3 0 0 1 
row17:	4 4 5 3 0 0 3 1 
row18:	4 4 4 3 3 1 0 1 
row19:	4 4 0 3 1 5 2 1 
row20:	4 4 5 3 2 0 1 1 
row21:	4 4 5 3 3 0 0 1 
row22:	4 4 4 3 3 1 0 1 
row23:	4 4 0 3 0 5 3 1 
row24:	4 4 5 3 2 1 0 1 
row25:	4 4 5 3 3 0 0 1 
row26:	4 4 4 3 1 0 3 1 
row27:	4 4 0 3 3 5 0 1 
row28:	4 4 5 3 3 0 0 1 
row29:	4 4 5 3 0 0 3 1 
row30:	4 4 4 3 3 1 0 1 
rbegin=155, rend=160
tnum=8
lte[0]=4
lte[1]=4
lte[2]=0
lte[3]=3
lte[4]=0
lte[5]=5
lte[6]=0
lte[7]=1
lb=17
currentRow is 31
row0:	4 4 5 3 3 0 0 1 
row1:	4 4 5 3 3 0 0 1 
row2:	4 4 4 3 0 1 3 1 
row3:	4 4 0 3 3 5 0 1 
row4:	4 4 5 3 1 2 0 1 
row5:	4 4 5 3 0 0 3 1 
row6:	4 4 4 3 4 0 0 1 
row7:	4 4 0 3 4 4 0 1 
row8:	4 4 5 3 0 0 3 1 
row9:	4 4 5 3 2 1 0 1 
row10:	4 4 4 3 4 0 0 1 
row11:	4 4 0 3 0 5 3 1 
row12:	4 4 5 3 3 0 0 1 
row13:	4 4 5 3 3 0 0 1 
row14:	4 4 4 3 0 1 3 1 
row15:	4 4 0 3 3 5 0 1 
row16:	4 4 5 3 3 0 0 1 
row17:	4 4 5 3 0 0 3 1 
row18:	4 4 4 3 3 1 0 1 
row19:	4 4 0 3 1 5 2 1 
row20:	4 4 5 3 2 0 1 1 
row21:	4 4 5 3 3 0 0 1 
row22:	4 4 4 3 3 1 0 1 
row23:	4 4 0 3 0 5 3 1 
row24:	4 4 5 3 2 1 0 1 
row25:	4 4 5 3 3 0 0 1 
row26:	4 4 4 3 1 0 3 1 
row27:	4 4 0 3 3 5 0 1 
row28:	4 4 5 3 3 0 0 1 
row29:	4 4 5 3 0 0 3 1 
row30:	4 4 4 3 3 1 0 1 
row31:	4 4 0 3 3 5 0 1 
rbegin=160, rend=165
tnum=8
lte[0]=4
lte[1]=4
lte[2]=0
lte[3]=3
lte[4]=0
lte[5]=0
lte[6]=3
lte[7]=1
lb=15
currentRow is 32
row0:	4 4 5 3 3 0 0 1 
row1:	4 4 5 3 3 0 0 1 
row2:	4 4 4 3 0 1 3 1 
row3:	4 4 0 3 3 5 0 1 
row4:	4 4 5 3 1 2 0 1 
row5:	4 4 5 3 0 0 3 1 
row6:	4 4 4 3 4 0 0 1 
row7:	4 4 0 3 4 4 0 1 
row8:	4 4 5 3 0 0 3 1 
row9:	4 4 5 3 2 1 0 1 
row10:	4 4 4 3 4 0 0 1 
row11:	4 4 0 3 0 5 3 1 
row12:	4 4 5 3 3 0 0 1 
row13:	4 4 5 3 3 0 0 1 
row14:	4 4 4 3 0 1 3 1 
row15:	4 4 0 3 3 5 0 1 
row16:	4 4 5 3 3 0 0 1 
row17:	4 4 5 3 0 0 3 1 
row18:	4 4 4 3 3 1 0 1 
row19:	4 4 0 3 1 5 2 1 
row20:	4 4 5 3 2 0 1 1 
row21:	4 4 5 3 3 0 0 1 
row22:	4 4 4 3 3 1 0 1 
row23:	4 4 0 3 0 5 3 1 
row24:	4 4 5 3 2 1 0 1 
row25:	4 4 5 3 3 0 0 1 
row26:	4 4 4 3 1 0 3 1 
row27:	4 4 0 3 3 5 0 1 
row28:	4 4 5 3 3 0 0 1 
row29:	4 4 5 3 0 0 3 1 
row30:	4 4 4 3 3 1 0 1 
row31:	4 4 0 3 3 5 0 1 
row32:	4 4 5 3 0 0 3 1 
rbegin=165, rend=170
tnum=8
lte[0]=4
lte[1]=4
lte[2]=0
lte[3]=3
lte[4]=0
lte[5]=0
lte[6]=0
lte[7]=1
lb=12
currentRow is 33
row0:	4 4 5 3 3 0 0 1 
row1:	4 4 5 3 3 0 0 1 
row2:	4 4 4 3 0 1 3 1 
row3:	4 4 0 3 3 5 0 1 
row4:	4 4 5 3 1 2 0 1 
row5:	4 4 5 3 0 0 3 1 
row6:	4 4 4 3 4 0 0 1 
row7:	4 4 0 3 4 4 0 1 
row8:	4 4 5 3 0 0 3 1 
row9:	4 4 5 3 2 1 0 1 
row10:	4 4 4 3 4 0 0 1 
row11:	4 4 0 3 0 5 3 1 
row12:	4 4 5 3 3 0 0 1 
row13:	4 4 5 3 3 0 0 1 
row14:	4 4 4 3 0 1 3 1 
row15:	4 4 0 3 3 5 0 1 
row16:	4 4 5 3 3 0 0 1 
row17:	4 4 5 3 0 0 3 1 
row18:	4 4 4 3 3 1 0 1 
row19:	4 4 0 3 1 5 2 1 
row20:	4 4 5 3 2 0 1 1 
row21:	4 4 5 3 3 0 0 1 
row22:	4 4 4 3 3 1 0 1 
row23:	4 4 0 3 0 5 3 1 
row24:	4 4 5 3 2 1 0 1 
row25:	4 4 5 3 3 0 0 1 
row26:	4 4 4 3 1 0 3 1 
row27:	4 4 0 3 3 5 0 1 
row28:	4 4 5 3 3 0 0 1 
row29:	4 4 5 3 0 0 3 1 
row30:	4 4 4 3 3 1 0 1 
row31:	4 4 0 3 3 5 0 1 
row32:	4 4 5 3 0 0 3 1 
row33:	4 4 5 3 3 0 0 1 
rbegin=170, rend=175
tnum=8
lte[0]=4
lte[1]=4
lte[2]=0
lte[3]=3
lte[4]=1
lte[5]=1
lte[6]=0
lte[7]=1
lb=14
currentRow is 34
row0:	4 4 5 3 3 0 0 1 
row1:	4 4 5 3 3 0 0 1 
row2:	4 4 4 3 0 1 3 1 
row3:	4 4 0 3 3 5 0 1 
row4:	4 4 5 3 1 2 0 1 
row5:	4 4 5 3 0 0 3 1 
row6:	4 4 4 3 4 0 0 1 
row7:	4 4 0 3 4 4 0 1 
row8:	4 4 5 3 0 0 3 1 
row9:	4 4 5 3 2 1 0 1 
row10:	4 4 4 3 4 0 0 1 
row11:	4 4 0 3 0 5 3 1 
row12:	4 4 5 3 3 0 0 1 
row13:	4 4 5 3 3 0 0 1 
row14:	4 4 4 3 0 1 3 1 
row15:	4 4 0 3 3 5 0 1 
row16:	4 4 5 3 3 0 0 1 
row17:	4 4 5 3 0 0 3 1 
row18:	4 4 4 3 3 1 0 1 
row19:	4 4 0 3 1 5 2 1 
row20:	4 4 5 3 2 0 1 1 
row21:	4 4 5 3 3 0 0 1 
row22:	4 4 4 3 3 1 0 1 
row23:	4 4 0 3 0 5 3 1 
row24:	4 4 5 3 2 1 0 1 
row25:	4 4 5 3 3 0 0 1 
row26:	4 4 4 3 1 0 3 1 
row27:	4 4 0 3 3 5 0 1 
row28:	4 4 5 3 3 0 0 1 
row29:	4 4 5 3 0 0 3 1 
row30:	4 4 4 3 3 1 0 1 
row31:	4 4 0 3 3 5 0 1 
row32:	4 4 5 3 0 0 3 1 
row33:	4 4 5 3 3 0 0 1 
row34:	4 4 4 3 1 3 0 1 
rbegin=175, rend=180
tnum=8
lte[0]=4
lte[1]=4
lte[2]=0
lte[3]=3
lte[4]=0
lte[5]=3
lte[6]=3
lte[7]=1
lb=18
currentRow is 35
row0:	4 4 5 3 3 0 0 1 
row1:	4 4 5 3 3 0 0 1 
row2:	4 4 4 3 0 1 3 1 
row3:	4 4 0 3 3 5 0 1 
row4:	4 4 5 3 1 2 0 1 
row5:	4 4 5 3 0 0 3 1 
row6:	4 4 4 3 4 0 0 1 
row7:	4 4 0 3 4 4 0 1 
row8:	4 4 5 3 0 0 3 1 
row9:	4 4 5 3 2 1 0 1 
row10:	4 4 4 3 4 0 0 1 
row11:	4 4 0 3 0 5 3 1 
row12:	4 4 5 3 3 0 0 1 
row13:	4 4 5 3 3 0 0 1 
row14:	4 4 4 3 0 1 3 1 
row15:	4 4 0 3 3 5 0 1 
row16:	4 4 5 3 3 0 0 1 
row17:	4 4 5 3 0 0 3 1 
row18:	4 4 4 3 3 1 0 1 
row19:	4 4 0 3 1 5 2 1 
row20:	4 4 5 3 2 0 1 1 
row21:	4 4 5 3 3 0 0 1 
row22:	4 4 4 3 3 1 0 1 
row23:	4 4 0 3 0 5 3 1 
row24:	4 4 5 3 2 1 0 1 
row25:	4 4 5 3 3 0 0 1 
row26:	4 4 4 3 1 0 3 1 
row27:	4 4 0 3 3 5 0 1 
row28:	4 4 5 3 3 0 0 1 
row29:	4 4 5 3 0 0 3 1 
row30:	4 4 4 3 3 1 0 1 
row31:	4 4 0 3 3 5 0 1 
row32:	4 4 5 3 0 0 3 1 
row33:	4 4 5 3 3 0 0 1 
row34:	4 4 4 3 1 3 0 1 
row35:	4 4 0 3 2 3 3 1 
rbegin=180, rend=185
tnum=8
lte[0]=4
lte[1]=4
lte[2]=0
lte[3]=3
lte[4]=0
lte[5]=0
lte[6]=0
lte[7]=1
lb=12
currentRow is 36
row0:	4 4 5 3 3 0 0 1 
row1:	4 4 5 3 3 0 0 1 
row2:	4 4 4 3 0 1 3 1 
row3:	4 4 0 3 3 5 0 1 
row4:	4 4 5 3 1 2 0 1 
row5:	4 4 5 3 0 0 3 1 
row6:	4 4 4 3 4 0 0 1 
row7:	4 4 0 3 4 4 0 1 
row8:	4 4 5 3 0 0 3 1 
row9:	4 4 5 3 2 1 0 1 
row10:	4 4 4 3 4 0 0 1 
row11:	4 4 0 3 0 5 3 1 
row12:	4 4 5 3 3 0 0 1 
row13:	4 4 5 3 3 0 0 1 
row14:	4 4 4 3 0 1 3 1 
row15:	4 4 0 3 3 5 0 1 
row16:	4 4 5 3 3 0 0 1 
row17:	4 4 5 3 0 0 3 1 
row18:	4 4 4 3 3 1 0 1 
row19:	4 4 0 3 1 5 2 1 
row20:	4 4 5 3 2 0 1 1 
row21:	4 4 5 3 3 0 0 1 
row22:	4 4 4 3 3 1 0 1 
row23:	4 4 0 3 0 5 3 1 
row24:	4 4 5 3 2 1 0 1 
row25:	4 4 5 3 3 0 0 1 
row26:	4 4 4 3 1 0 3 1 
row27:	4 4 0 3 3 5 0 1 
row28:	4 4 5 3 3 0 0 1 
row29:	4 4 5 3 0 0 3 1 
row30:	4 4 4 3 3 1 0 1 
row31:	4 4 0 3 3 5 0 1 
row32:	4 4 5 3 0 0 3 1 
row33:	4 4 5 3 3 0 0 1 
row34:	4 4 4 3 1 3 0 1 
row35:	4 4 0 3 2 3 3 1 
row36:	4 4 5 3 3 0 0 1 
rbegin=185, rend=190
tnum=8
lte[0]=4
lte[1]=4
lte[2]=0
lte[3]=3
lte[4]=0
lte[5]=0
lte[6]=0
lte[7]=1
lb=12
currentRow is 37
row0:	4 4 5 3 3 0 0 1 
row1:	4 4 5 3 3 0 0 1 
row2:	4 4 4 3 0 1 3 1 
row3:	4 4 0 3 3 5 0 1 
row4:	4 4 5 3 1 2 0 1 
row5:	4 4 5 3 0 0 3 1 
row6:	4 4 4 3 4 0 0 1 
row7:	4 4 0 3 4 4 0 1 
row8:	4 4 5 3 0 0 3 1 
row9:	4 4 5 3 2 1 0 1 
row10:	4 4 4 3 4 0 0 1 
row11:	4 4 0 3 0 5 3 1 
row12:	4 4 5 3 3 0 0 1 
row13:	4 4 5 3 3 0 0 1 
row14:	4 4 4 3 0 1 3 1 
row15:	4 4 0 3 3 5 0 1 
row16:	4 4 5 3 3 0 0 1 
row17:	4 4 5 3 0 0 3 1 
row18:	4 4 4 3 3 1 0 1 
row19:	4 4 0 3 1 5 2 1 
row20:	4 4 5 3 2 0 1 1 
row21:	4 4 5 3 3 0 0 1 
row22:	4 4 4 3 3 1 0 1 
row23:	4 4 0 3 0 5 3 1 
row24:	4 4 5 3 2 1 0 1 
row25:	4 4 5 3 3 0 0 1 
row26:	4 4 4 3 1 0 3 1 
row27:	4 4 0 3 3 5 0 1 
row28:	4 4 5 3 3 0 0 1 
row29:	4 4 5 3 0 0 3 1 
row30:	4 4 4 3 3 1 0 1 
row31:	4 4 0 3 3 5 0 1 
row32:	4 4 5 3 0 0 3 1 
row33:	4 4 5 3 3 0 0 1 
row34:	4 4 4 3 1 3 0 1 
row35:	4 4 0 3 2 3 3 1 
row36:	4 4 5 3 3 0 0 1 
row37:	4 4 5 3 3 0 0 1 
rbegin=190, rend=195
tnum=8
lte[0]=4
lte[1]=4
lte[2]=0
lte[3]=3
lte[4]=0
lte[5]=1
lte[6]=3
lte[7]=1
lb=16
currentRow is 38
row0:	4 4 5 3 3 0 0 1 
row1:	4 4 5 3 3 0 0 1 
row2:	4 4 4 3 0 1 3 1 
row3:	4 4 0 3 3 5 0 1 
row4:	4 4 5 3 1 2 0 1 
row5:	4 4 5 3 0 0 3 1 
row6:	4 4 4 3 4 0 0 1 
row7:	4 4 0 3 4 4 0 1 
row8:	4 4 5 3 0 0 3 1 
row9:	4 4 5 3 2 1 0 1 
row10:	4 4 4 3 4 0 0 1 
row11:	4 4 0 3 0 5 3 1 
row12:	4 4 5 3 3 0 0 1 
row13:	4 4 5 3 3 0 0 1 
row14:	4 4 4 3 0 1 3 1 
row15:	4 4 0 3 3 5 0 1 
row16:	4 4 5 3 3 0 0 1 
row17:	4 4 5 3 0 0 3 1 
row18:	4 4 4 3 3 1 0 1 
row19:	4 4 0 3 1 5 2 1 
row20:	4 4 5 3 2 0 1 1 
row21:	4 4 5 3 3 0 0 1 
row22:	4 4 4 3 3 1 0 1 
row23:	4 4 0 3 0 5 3 1 
row24:	4 4 5 3 2 1 0 1 
row25:	4 4 5 3 3 0 0 1 
row26:	4 4 4 3 1 0 3 1 
row27:	4 4 0 3 3 5 0 1 
row28:	4 4 5 3 3 0 0 1 
row29:	4 4 5 3 0 0 3 1 
row30:	4 4 4 3 3 1 0 1 
row31:	4 4 0 3 3 5 0 1 
row32:	4 4 5 3 0 0 3 1 
row33:	4 4 5 3 3 0 0 1 
row34:	4 4 4 3 1 3 0 1 
row35:	4 4 0 3 2 3 3 1 
row36:	4 4 5 3 3 0 0 1 
row37:	4 4 5 3 3 0 0 1 
row38:	4 4 4 3 0 1 3 1 
rbegin=195, rend=200
tnum=8
lte[0]=4
lte[1]=4
lte[2]=0
lte[3]=3
lte[4]=2
lte[5]=5
lte[6]=0
lte[7]=1
lb=19
currentRow is 39
row0:	4 4 5 3 3 0 0 1 
row1:	4 4 5 3 3 0 0 1 
row2:	4 4 4 3 0 1 3 1 
row3:	4 4 0 3 3 5 0 1 
row4:	4 4 5 3 1 2 0 1 
row5:	4 4 5 3 0 0 3 1 
row6:	4 4 4 3 4 0 0 1 
row7:	4 4 0 3 4 4 0 1 
row8:	4 4 5 3 0 0 3 1 
row9:	4 4 5 3 2 1 0 1 
row10:	4 4 4 3 4 0 0 1 
row11:	4 4 0 3 0 5 3 1 
row12:	4 4 5 3 3 0 0 1 
row13:	4 4 5 3 3 0 0 1 
row14:	4 4 4 3 0 1 3 1 
row15:	4 4 0 3 3 5 0 1 
row16:	4 4 5 3 3 0 0 1 
row17:	4 4 5 3 0 0 3 1 
row18:	4 4 4 3 3 1 0 1 
row19:	4 4 0 3 1 5 2 1 
row20:	4 4 5 3 2 0 1 1 
row21:	4 4 5 3 3 0 0 1 
row22:	4 4 4 3 3 1 0 1 
row23:	4 4 0 3 0 5 3 1 
row24:	4 4 5 3 2 1 0 1 
row25:	4 4 5 3 3 0 0 1 
row26:	4 4 4 3 1 0 3 1 
row27:	4 4 0 3 3 5 0 1 
row28:	4 4 5 3 3 0 0 1 
row29:	4 4 5 3 0 0 3 1 
row30:	4 4 4 3 3 1 0 1 
row31:	4 4 0 3 3 5 0 1 
row32:	4 4 5 3 0 0 3 1 
row33:	4 4 5 3 3 0 0 1 
row34:	4 4 4 3 1 3 0 1 
row35:	4 4 0 3 2 3 3 1 
row36:	4 4 5 3 3 0 0 1 
row37:	4 4 5 3 3 0 0 1 
row38:	4 4 4 3 0 1 3 1 
row39:	4 4 0 3 2 5 1 1 
rbegin=200, rend=205
tnum=8
lte[0]=4
lte[1]=4
lte[2]=0
lte[3]=3
lte[4]=0
lte[5]=0
lte[6]=0
lte[7]=1
lb=12
currentRow is 40
row0:	4 4 5 3 3 0 0 1 
row1:	4 4 5 3 3 0 0 1 
row2:	4 4 4 3 0 1 3 1 
row3:	4 4 0 3 3 5 0 1 
row4:	4 4 5 3 1 2 0 1 
row5:	4 4 5 3 0 0 3 1 
row6:	4 4 4 3 4 0 0 1 
row7:	4 4 0 3 4 4 0 1 
row8:	4 4 5 3 0 0 3 1 
row9:	4 4 5 3 2 1 0 1 
row10:	4 4 4 3 4 0 0 1 
row11:	4 4 0 3 0 5 3 1 
row12:	4 4 5 3 3 0 0 1 
row13:	4 4 5 3 3 0 0 1 
row14:	4 4 4 3 0 1 3 1 
row15:	4 4 0 3 3 5 0 1 
row16:	4 4 5 3 3 0 0 1 
row17:	4 4 5 3 0 0 3 1 
row18:	4 4 4 3 3 1 0 1 
row19:	4 4 0 3 1 5 2 1 
row20:	4 4 5 3 2 0 1 1 
row21:	4 4 5 3 3 0 0 1 
row22:	4 4 4 3 3 1 0 1 
row23:	4 4 0 3 0 5 3 1 
row24:	4 4 5 3 2 1 0 1 
row25:	4 4 5 3 3 0 0 1 
row26:	4 4 4 3 1 0 3 1 
row27:	4 4 0 3 3 5 0 1 
row28:	4 4 5 3 3 0 0 1 
row29:	4 4 5 3 0 0 3 1 
row30:	4 4 4 3 3 1 0 1 
row31:	4 4 0 3 3 5 0 1 
row32:	4 4 5 3 0 0 3 1 
row33:	4 4 5 3 3 0 0 1 
row34:	4 4 4 3 1 3 0 1 
row35:	4 4 0 3 2 3 3 1 
row36:	4 4 5 3 3 0 0 1 
row37:	4 4 5 3 3 0 0 1 
row38:	4 4 4 3 0 1 3 1 
row39:	4 4 0 3 2 5 1 1 
row40:	4 4 5 3 3 0 0 1 
rbegin=205, rend=210
tnum=8
lte[0]=4
lte[1]=4
lte[2]=0
lte[3]=3
lte[4]=0
lte[5]=0
lte[6]=2
lte[7]=1
lb=14
currentRow is 41
row0:	4 4 5 3 3 0 0 1 
row1:	4 4 5 3 3 0 0 1 
row2:	4 4 4 3 0 1 3 1 
row3:	4 4 0 3 3 5 0 1 
row4:	4 4 5 3 1 2 0 1 
row5:	4 4 5 3 0 0 3 1 
row6:	4 4 4 3 4 0 0 1 
row7:	4 4 0 3 4 4 0 1 
row8:	4 4 5 3 0 0 3 1 
row9:	4 4 5 3 2 1 0 1 
row10:	4 4 4 3 4 0 0 1 
row11:	4 4 0 3 0 5 3 1 
row12:	4 4 5 3 3 0 0 1 
row13:	4 4 5 3 3 0 0 1 
row14:	4 4 4 3 0 1 3 1 
row15:	4 4 0 3 3 5 0 1 
row16:	4 4 5 3 3 0 0 1 
row17:	4 4 5 3 0 0 3 1 
row18:	4 4 4 3 3 1 0 1 
row19:	4 4 0 3 1 5 2 1 
row20:	4 4 5 3 2 0 1 1 
row21:	4 4 5 3 3 0 0 1 
row22:	4 4 4 3 3 1 0 1 
row23:	4 4 0 3 0 5 3 1 
row24:	4 4 5 3 2 1 0 1 
row25:	4 4 5 3 3 0 0 1 
row26:	4 4 4 3 1 0 3 1 
row27:	4 4 0 3 3 5 0 1 
row28:	4 4 5 3 3 0 0 1 
row29:	4 4 5 3 0 0 3 1 
row30:	4 4 4 3 3 1 0 1 
row31:	4 4 0 3 3 5 0 1 
row32:	4 4 5 3 0 0 3 1 
row33:	4 4 5 3 3 0 0 1 
row34:	4 4 4 3 1 3 0 1 
row35:	4 4 0 3 2 3 3 1 
row36:	4 4 5 3 3 0 0 1 
row37:	4 4 5 3 3 0 0 1 
row38:	4 4 4 3 0 1 3 1 
row39:	4 4 0 3 2 5 1 1 
row40:	4 4 5 3 3 0 0 1 
row41:	4 4 5 3 1 0 2 1 
rbegin=210, rend=215
tnum=8
lte[0]=4
lte[1]=4
lte[2]=0
lte[3]=3
lte[4]=0
lte[5]=1
lte[6]=0
lte[7]=1
lb=13
currentRow is 42
row0:	4 4 5 3 3 0 0 1 
row1:	4 4 5 3 3 0 0 1 
row2:	4 4 4 3 0 1 3 1 
row3:	4 4 0 3 3 5 0 1 
row4:	4 4 5 3 1 2 0 1 
row5:	4 4 5 3 0 0 3 1 
row6:	4 4 4 3 4 0 0 1 
row7:	4 4 0 3 4 4 0 1 
row8:	4 4 5 3 0 0 3 1 
row9:	4 4 5 3 2 1 0 1 
row10:	4 4 4 3 4 0 0 1 
row11:	4 4 0 3 0 5 3 1 
row12:	4 4 5 3 3 0 0 1 
row13:	4 4 5 3 3 0 0 1 
row14:	4 4 4 3 0 1 3 1 
row15:	4 4 0 3 3 5 0 1 
row16:	4 4 5 3 3 0 0 1 
row17:	4 4 5 3 0 0 3 1 
row18:	4 4 4 3 3 1 0 1 
row19:	4 4 0 3 1 5 2 1 
row20:	4 4 5 3 2 0 1 1 
row21:	4 4 5 3 3 0 0 1 
row22:	4 4 4 3 3 1 0 1 
row23:	4 4 0 3 0 5 3 1 
row24:	4 4 5 3 2 1 0 1 
row25:	4 4 5 3 3 0 0 1 
row26:	4 4 4 3 1 0 3 1 
row27:	4 4 0 3 3 5 0 1 
row28:	4 4 5 3 3 0 0 1 
row29:	4 4 5 3 0 0 3 1 
row30:	4 4 4 3 3 1 0 1 
row31:	4 4 0 3 3 5 0 1 
row32:	4 4 5 3 0 0 3 1 
row33:	4 4 5 3 3 0 0 1 
row34:	4 4 4 3 1 3 0 1 
row35:	4 4 0 3 2 3 3 1 
row36:	4 4 5 3 3 0 0 1 
row37:	4 4 5 3 3 0 0 1 
row38:	4 4 4 3 0 1 3 1 
row39:	4 4 0 3 2 5 1 1 
row40:	4 4 5 3 3 0 0 1 
row41:	4 4 5 3 1 0 2 1 
row42:	4 4 4 3 3 1 0 1 
rbegin=215, rend=220
tnum=8
lte[0]=4
lte[1]=4
lte[2]=0
lte[3]=3
lte[4]=0
lte[5]=5
lte[6]=0
lte[7]=1
lb=17
currentRow is 43
row0:	4 4 5 3 3 0 0 1 
row1:	4 4 5 3 3 0 0 1 
row2:	4 4 4 3 0 1 3 1 
row3:	4 4 0 3 3 5 0 1 
row4:	4 4 5 3 1 2 0 1 
row5:	4 4 5 3 0 0 3 1 
row6:	4 4 4 3 4 0 0 1 
row7:	4 4 0 3 4 4 0 1 
row8:	4 4 5 3 0 0 3 1 
row9:	4 4 5 3 2 1 0 1 
row10:	4 4 4 3 4 0 0 1 
row11:	4 4 0 3 0 5 3 1 
row12:	4 4 5 3 3 0 0 1 
row13:	4 4 5 3 3 0 0 1 
row14:	4 4 4 3 0 1 3 1 
row15:	4 4 0 3 3 5 0 1 
row16:	4 4 5 3 3 0 0 1 
row17:	4 4 5 3 0 0 3 1 
row18:	4 4 4 3 3 1 0 1 
row19:	4 4 0 3 1 5 2 1 
row20:	4 4 5 3 2 0 1 1 
row21:	4 4 5 3 3 0 0 1 
row22:	4 4 4 3 3 1 0 1 
row23:	4 4 0 3 0 5 3 1 
row24:	4 4 5 3 2 1 0 1 
row25:	4 4 5 3 3 0 0 1 
row26:	4 4 4 3 1 0 3 1 
row27:	4 4 0 3 3 5 0 1 
row28:	4 4 5 3 3 0 0 1 
row29:	4 4 5 3 0 0 3 1 
row30:	4 4 4 3 3 1 0 1 
row31:	4 4 0 3 3 5 0 1 
row32:	4 4 5 3 0 0 3 1 
row33:	4 4 5 3 3 0 0 1 
row34:	4 4 4 3 1 3 0 1 
row35:	4 4 0 3 2 3 3 1 
row36:	4 4 5 3 3 0 0 1 
row37:	4 4 5 3 3 0 0 1 
row38:	4 4 4 3 0 1 3 1 
row39:	4 4 0 3 2 5 1 1 
row40:	4 4 5 3 3 0 0 1 
row41:	4 4 5 3 1 0 2 1 
row42:	4 4 4 3 3 1 0 1 
row43:	4 4 0 3 3 5 0 1 
rbegin=220, rend=225
tnum=8
lte[0]=4
lte[1]=4
lte[2]=0
lte[3]=3
lte[4]=0
lte[5]=0
lte[6]=3
lte[7]=1
lb=15
currentRow is 44
row0:	4 4 5 3 3 0 0 1 
row1:	4 4 5 3 3 0 0 1 
row2:	4 4 4 3 0 1 3 1 
row3:	4 4 0 3 3 5 0 1 
row4:	4 4 5 3 1 2 0 1 
row5:	4 4 5 3 0 0 3 1 
row6:	4 4 4 3 4 0 0 1 
row7:	4 4 0 3 4 4 0 1 
row8:	4 4 5 3 0 0 3 1 
row9:	4 4 5 3 2 1 0 1 
row10:	4 4 4 3 4 0 0 1 
row11:	4 4 0 3 0 5 3 1 
row12:	4 4 5 3 3 0 0 1 
row13:	4 4 5 3 3 0 0 1 
row14:	4 4 4 3 0 1 3 1 
row15:	4 4 0 3 3 5 0 1 
row16:	4 4 5 3 3 0 0 1 
row17:	4 4 5 3 0 0 3 1 
row18:	4 4 4 3 3 1 0 1 
row19:	4 4 0 3 1 5 2 1 
row20:	4 4 5 3 2 0 1 1 
row21:	4 4 5 3 3 0 0 1 
row22:	4 4 4 3 3 1 0 1 
row23:	4 4 0 3 0 5 3 1 
row24:	4 4 5 3 2 1 0 1 
row25:	4 4 5 3 3 0 0 1 
row26:	4 4 4 3 1 0 3 1 
row27:	4 4 0 3 3 5 0 1 
row28:	4 4 5 3 3 0 0 1 
row29:	4 4 5 3 0 0 3 1 
row30:	4 4 4 3 3 1 0 1 
row31:	4 4 0 3 3 5 0 1 
row32:	4 4 5 3 0 0 3 1 
row33:	4 4 5 3 3 0 0 1 
row34:	4 4 4 3 1 3 0 1 
row35:	4 4 0 3 2 3 3 1 
row36:	4 4 5 3 3 0 0 1 
row37:	4 4 5 3 3 0 0 1 
row38:	4 4 4 3 0 1 3 1 
row39:	4 4 0 3 2 5 1 1 
row40:	4 4 5 3 3 0 0 1 
row41:	4 4 5 3 1 0 2 1 
row42:	4 4 4 3 3 1 0 1 
row43:	4 4 0 3 3 5 0 1 
row44:	4 4 5 3 0 0 3 1 
rbegin=225, rend=230
tnum=8
lte[0]=4
lte[1]=4
lte[2]=0
lte[3]=3
lte[4]=0
lte[5]=0
lte[6]=0
lte[7]=1
lb=12
currentRow is 45
row0:	4 4 5 3 3 0 0 1 
row1:	4 4 5 3 3 0 0 1 
row2:	4 4 4 3 0 1 3 1 
row3:	4 4 0 3 3 5 0 1 
row4:	4 4 5 3 1 2 0 1 
row5:	4 4 5 3 0 0 3 1 
row6:	4 4 4 3 4 0 0 1 
row7:	4 4 0 3 4 4 0 1 
row8:	4 4 5 3 0 0 3 1 
row9:	4 4 5 3 2 1 0 1 
row10:	4 4 4 3 4 0 0 1 
row11:	4 4 0 3 0 5 3 1 
row12:	4 4 5 3 3 0 0 1 
row13:	4 4 5 3 3 0 0 1 
row14:	4 4 4 3 0 1 3 1 
row15:	4 4 0 3 3 5 0 1 
row16:	4 4 5 3 3 0 0 1 
row17:	4 4 5 3 0 0 3 1 
row18:	4 4 4 3 3 1 0 1 
row19:	4 4 0 3 1 5 2 1 
row20:	4 4 5 3 2 0 1 1 
row21:	4 4 5 3 3 0 0 1 
row22:	4 4 4 3 3 1 0 1 
row23:	4 4 0 3 0 5 3 1 
row24:	4 4 5 3 2 1 0 1 
row25:	4 4 5 3 3 0 0 1 
row26:	4 4 4 3 1 0 3 1 
row27:	4 4 0 3 3 5 0 1 
row28:	4 4 5 3 3 0 0 1 
row29:	4 4 5 3 0 0 3 1 
row30:	4 4 4 3 3 1 0 1 
row31:	4 4 0 3 3 5 0 1 
row32:	4 4 5 3 0 0 3 1 
row33:	4 4 5 3 3 0 0 1 
row34:	4 4 4 3 1 3 0 1 
row35:	4 4 0 3 2 3 3 1 
row36:	4 4 5 3 3 0 0 1 
row37:	4 4 5 3 3 0 0 1 
row38:	4 4 4 3 0 1 3 1 
row39:	4 4 0 3 2 5 1 1 
row40:	4 4 5 3 3 0 0 1 
row41:	4 4 5 3 1 0 2 1 
row42:	4 4 4 3 3 1 0 1 
row43:	4 4 0 3 3 5 0 1 
row44:	4 4 5 3 0 0 3 1 
row45:	4 4 5 3 3 0 0 1 
rbegin=230, rend=235
tnum=8
lte[0]=4
lte[1]=4
lte[2]=0
lte[3]=3
lte[4]=0
lte[5]=1
lte[6]=0
lte[7]=1
lb=13
currentRow is 46
row0:	4 4 5 3 3 0 0 1 
row1:	4 4 5 3 3 0 0 1 
row2:	4 4 4 3 0 1 3 1 
row3:	4 4 0 3 3 5 0 1 
row4:	4 4 5 3 1 2 0 1 
row5:	4 4 5 3 0 0 3 1 
row6:	4 4 4 3 4 0 0 1 
row7:	4 4 0 3 4 4 0 1 
row8:	4 4 5 3 0 0 3 1 
row9:	4 4 5 3 2 1 0 1 
row10:	4 4 4 3 4 0 0 1 
row11:	4 4 0 3 0 5 3 1 
row12:	4 4 5 3 3 0 0 1 
row13:	4 4 5 3 3 0 0 1 
row14:	4 4 4 3 0 1 3 1 
row15:	4 4 0 3 3 5 0 1 
row16:	4 4 5 3 3 0 0 1 
row17:	4 4 5 3 0 0 3 1 
row18:	4 4 4 3 3 1 0 1 
row19:	4 4 0 3 1 5 2 1 
row20:	4 4 5 3 2 0 1 1 
row21:	4 4 5 3 3 0 0 1 
row22:	4 4 4 3 3 1 0 1 
row23:	4 4 0 3 0 5 3 1 
row24:	4 4 5 3 2 1 0 1 
row25:	4 4 5 3 3 0 0 1 
row26:	4 4 4 3 1 0 3 1 
row27:	4 4 0 3 3 5 0 1 
row28:	4 4 5 3 3 0 0 1 
row29:	4 4 5 3 0 0 3 1 
row30:	4 4 4 3 3 1 0 1 
row31:	4 4 0 3 3 5 0 1 
row32:	4 4 5 3 0 0 3 1 
row33:	4 4 5 3 3 0 0 1 
row34:	4 4 4 3 1 3 0 1 
row35:	4 4 0 3 2 3 3 1 
row36:	4 4 5 3 3 0 0 1 
row37:	4 4 5 3 3 0 0 1 
row38:	4 4 4 3 0 1 3 1 
row39:	4 4 0 3 2 5 1 1 
row40:	4 4 5 3 3 0 0 1 
row41:	4 4 5 3 1 0 2 1 
row42:	4 4 4 3 3 1 0 1 
row43:	4 4 0 3 3 5 0 1 
row44:	4 4 5 3 0 0 3 1 
row45:	4 4 5 3 3 0 0 1 
row46:	4 4 4 3 3 1 0 1 
rbegin=235, rend=240
tnum=8
lte[0]=4
lte[1]=4
lte[2]=0
lte[3]=3
lte[4]=0
lte[5]=5
lte[6]=3
lte[7]=1
lb=20
currentRow is 47
row0:	4 4 5 3 3 0 0 1 
row1:	4 4 5 3 3 0 0 1 
row2:	4 4 4 3 0 1 3 1 
row3:	4 4 0 3 3 5 0 1 
row4:	4 4 5 3 1 2 0 1 
row5:	4 4 5 3 0 0 3 1 
row6:	4 4 4 3 4 0 0 1 
row7:	4 4 0 3 4 4 0 1 
row8:	4 4 5 3 0 0 3 1 
row9:	4 4 5 3 2 1 0 1 
row10:	4 4 4 3 4 0 0 1 
row11:	4 4 0 3 0 5 3 1 
row12:	4 4 5 3 3 0 0 1 
row13:	4 4 5 3 3 0 0 1 
row14:	4 4 4 3 0 1 3 1 
row15:	4 4 0 3 3 5 0 1 
row16:	4 4 5 3 3 0 0 1 
row17:	4 4 5 3 0 0 3 1 
row18:	4 4 4 3 3 1 0 1 
row19:	4 4 0 3 1 5 2 1 
row20:	4 4 5 3 2 0 1 1 
row21:	4 4 5 3 3 0 0 1 
row22:	4 4 4 3 3 1 0 1 
row23:	4 4 0 3 0 5 3 1 
row24:	4 4 5 3 2 1 0 1 
row25:	4 4 5 3 3 0 0 1 
row26:	4 4 4 3 1 0 3 1 
row27:	4 4 0 3 3 5 0 1 
row28:	4 4 5 3 3 0 0 1 
row29:	4 4 5 3 0 0 3 1 
row30:	4 4 4 3 3 1 0 1 
row31:	4 4 0 3 3 5 0 1 
row32:	4 4 5 3 0 0 3 1 
row33:	4 4 5 3 3 0 0 1 
row34:	4 4 4 3 1 3 0 1 
row35:	4 4 0 3 2 3 3 1 
row36:	4 4 5 3 3 0 0 1 
row37:	4 4 5 3 3 0 0 1 
row38:	4 4 4 3 0 1 3 1 
row39:	4 4 0 3 2 5 1 1 
row40:	4 4 5 3 3 0 0 1 
row41:	4 4 5 3 1 0 2 1 
row42:	4 4 4 3 3 1 0 1 
row43:	4 4 0 3 3 5 0 1 
row44:	4 4 5 3 0 0 3 1 
row45:	4 4 5 3 3 0 0 1 
row46:	4 4 4 3 3 1 0 1 
row47:	4 4 0 3 0 5 3 1 
rbegin=240, rend=245
tnum=8
lte[0]=4
lte[1]=4
lte[2]=0
lte[3]=3
lte[4]=0
lte[5]=0
lte[6]=0
lte[7]=1
lb=12
currentRow is 48
row0:	4 4 5 3 3 0 0 1 
row1:	4 4 5 3 3 0 0 1 
row2:	4 4 4 3 0 1 3 1 
row3:	4 4 0 3 3 5 0 1 
row4:	4 4 5 3 1 2 0 1 
row5:	4 4 5 3 0 0 3 1 
row6:	4 4 4 3 4 0 0 1 
row7:	4 4 0 3 4 4 0 1 
row8:	4 4 5 3 0 0 3 1 
row9:	4 4 5 3 2 1 0 1 
row10:	4 4 4 3 4 0 0 1 
row11:	4 4 0 3 0 5 3 1 
row12:	4 4 5 3 3 0 0 1 
row13:	4 4 5 3 3 0 0 1 
row14:	4 4 4 3 0 1 3 1 
row15:	4 4 0 3 3 5 0 1 
row16:	4 4 5 3 3 0 0 1 
row17:	4 4 5 3 0 0 3 1 
row18:	4 4 4 3 3 1 0 1 
row19:	4 4 0 3 1 5 2 1 
row20:	4 4 5 3 2 0 1 1 
row21:	4 4 5 3 3 0 0 1 
row22:	4 4 4 3 3 1 0 1 
row23:	4 4 0 3 0 5 3 1 
row24:	4 4 5 3 2 1 0 1 
row25:	4 4 5 3 3 0 0 1 
row26:	4 4 4 3 1 0 3 1 
row27:	4 4 0 3 3 5 0 1 
row28:	4 4 5 3 3 0 0 1 
row29:	4 4 5 3 0 0 3 1 
row30:	4 4 4 3 3 1 0 1 
row31:	4 4 0 3 3 5 0 1 
row32:	4 4 5 3 0 0 3 1 
row33:	4 4 5 3 3 0 0 1 
row34:	4 4 4 3 1 3 0 1 
row35:	4 4 0 3 2 3 3 1 
row36:	4 4 5 3 3 0 0 1 
row37:	4 4 5 3 3 0 0 1 
row38:	4 4 4 3 0 1 3 1 
row39:	4 4 0 3 2 5 1 1 
row40:	4 4 5 3 3 0 0 1 
row41:	4 4 5 3 1 0 2 1 
row42:	4 4 4 3 3 1 0 1 
row43:	4 4 0 3 3 5 0 1 
row44:	4 4 5 3 0 0 3 1 
row45:	4 4 5 3 3 0 0 1 
row46:	4 4 4 3 3 1 0 1 
row47:	4 4 0 3 0 5 3 1 
row48:	4 4 5 3 3 0 0 1 
rbegin=245, rend=250
tnum=8
lte[0]=4
lte[1]=4
lte[2]=0
lte[3]=3
lte[4]=1
lte[5]=0
lte[6]=0
lte[7]=1
lb=13
currentRow is 49
row0:	4 4 5 3 3 0 0 1 
row1:	4 4 5 3 3 0 0 1 
row2:	4 4 4 3 0 1 3 1 
row3:	4 4 0 3 3 5 0 1 
row4:	4 4 5 3 1 2 0 1 
row5:	4 4 5 3 0 0 3 1 
row6:	4 4 4 3 4 0 0 1 
row7:	4 4 0 3 4 4 0 1 
row8:	4 4 5 3 0 0 3 1 
row9:	4 4 5 3 2 1 0 1 
row10:	4 4 4 3 4 0 0 1 
row11:	4 4 0 3 0 5 3 1 
row12:	4 4 5 3 3 0 0 1 
row13:	4 4 5 3 3 0 0 1 
row14:	4 4 4 3 0 1 3 1 
row15:	4 4 0 3 3 5 0 1 
row16:	4 4 5 3 3 0 0 1 
row17:	4 4 5 3 0 0 3 1 
row18:	4 4 4 3 3 1 0 1 
row19:	4 4 0 3 1 5 2 1 
row20:	4 4 5 3 2 0 1 1 
row21:	4 4 5 3 3 0 0 1 
row22:	4 4 4 3 3 1 0 1 
row23:	4 4 0 3 0 5 3 1 
row24:	4 4 5 3 2 1 0 1 
row25:	4 4 5 3 3 0 0 1 
row26:	4 4 4 3 1 0 3 1 
row27:	4 4 0 3 3 5 0 1 
row28:	4 4 5 3 3 0 0 1 
row29:	4 4 5 3 0 0 3 1 
row30:	4 4 4 3 3 1 0 1 
row31:	4 4 0 3 3 5 0 1 
row32:	4 4 5 3 0 0 3 1 
row33:	4 4 5 3 3 0 0 1 
row34:	4 4 4 3 1 3 0 1 
row35:	4 4 0 3 2 3 3 1 
row36:	4 4 5 3 3 0 0 1 
row37:	4 4 5 3 3 0 0 1 
row38:	4 4 4 3 0 1 3 1 
row39:	4 4 0 3 2 5 1 1 
row40:	4 4 5 3 3 0 0 1 
row41:	4 4 5 3 1 0 2 1 
row42:	4 4 4 3 3 1 0 1 
row43:	4 4 0 3 3 5 0 1 
row44:	4 4 5 3 0 0 3 1 
row45:	4 4 5 3 3 0 0 1 
row46:	4 4 4 3 3 1 0 1 
row47:	4 4 0 3 0 5 3 1 
row48:	4 4 5 3 3 0 0 1 
row49:	4 4 5 3 1 2 0 1 
rbegin=250, rend=255
tnum=8
lte[0]=4
lte[1]=4
lte[2]=0
lte[3]=3
lte[4]=0
lte[5]=0
lte[6]=3
lte[7]=1
lb=15
currentRow is 50
row0:	4 4 5 3 3 0 0 1 
row1:	4 4 5 3 3 0 0 1 
row2:	4 4 4 3 0 1 3 1 
row3:	4 4 0 3 3 5 0 1 
row4:	4 4 5 3 1 2 0 1 
row5:	4 4 5 3 0 0 3 1 
row6:	4 4 4 3 4 0 0 1 
row7:	4 4 0 3 4 4 0 1 
row8:	4 4 5 3 0 0 3 1 
row9:	4 4 5 3 2 1 0 1 
row10:	4 4 4 3 4 0 0 1 
row11:	4 4 0 3 0 5 3 1 
row12:	4 4 5 3 3 0 0 1 
row13:	4 4 5 3 3 0 0 1 
row14:	4 4 4 3 0 1 3 1 
row15:	4 4 0 3 3 5 0 1 
row16:	4 4 5 3 3 0 0 1 
row17:	4 4 5 3 0 0 3 1 
row18:	4 4 4 3 3 1 0 1 
row19:	4 4 0 3 1 5 2 1 
row20:	4 4 5 3 2 0 1 1 
row21:	4 4 5 3 3 0 0 1 
row22:	4 4 4 3 3 1 0 1 
row23:	4 4 0 3 0 5 3 1 
row24:	4 4 5 3 2 1 0 1 
row25:	4 4 5 3 3 0 0 1 
row26:	4 4 4 3 1 0 3 1 
row27:	4 4 0 3 3 5 0 1 
row28:	4 4 5 3 3 0 0 1 
row29:	4 4 5 3 0 0 3 1 
row30:	4 4 4 3 3 1 0 1 
row31:	4 4 0 3 3 5 0 1 
row32:	4 4 5 3 0 0 3 1 
row33:	4 4 5 3 3 0 0 1 
row34:	4 4 4 3 1 3 0 1 
row35:	4 4 0 3 2 3 3 1 
row36:	4 4 5 3 3 0 0 1 
row37:	4 4 5 3 3 0 0 1 
row38:	4 4 4 3 0 1 3 1 
row39:	4 4 0 3 2 5 1 1 
row40:	4 4 5 3 3 0 0 1 
row41:	4 4 5 3 1 0 2 1 
row42:	4 4 4 3 3 1 0 1 
row43:	4 4 0 3 3 5 0 1 
row44:	4 4 5 3 0 0 3 1 
row45:	4 4 5 3 3 0 0 1 
row46:	4 4 4 3 3 1 0 1 
row47:	4 4 0 3 0 5 3 1 
row48:	4 4 5 3 3 0 0 1 
row49:	4 4 5 3 1 2 0 1 
row50:	4 4 4 3 1 0 3 1 
rbegin=255, rend=260
tnum=8
lte[0]=4
lte[1]=4
lte[2]=0
lte[3]=3
lte[4]=0
lte[5]=4
lte[6]=0
lte[7]=1
lb=16
currentRow is 51
row0:	4 4 5 3 3 0 0 1 
row1:	4 4 5 3 3 0 0 1 
row2:	4 4 4 3 0 1 3 1 
row3:	4 4 0 3 3 5 0 1 
row4:	4 4 5 3 1 2 0 1 
row5:	4 4 5 3 0 0 3 1 
row6:	4 4 4 3 4 0 0 1 
row7:	4 4 0 3 4 4 0 1 
row8:	4 4 5 3 0 0 3 1 
row9:	4 4 5 3 2 1 0 1 
row10:	4 4 4 3 4 0 0 1 
row11:	4 4 0 3 0 5 3 1 
row12:	4 4 5 3 3 0 0 1 
row13:	4 4 5 3 3 0 0 1 
row14:	4 4 4 3 0 1 3 1 
row15:	4 4 0 3 3 5 0 1 
row16:	4 4 5 3 3 0 0 1 
row17:	4 4 5 3 0 0 3 1 
row18:	4 4 4 3 3 1 0 1 
row19:	4 4 0 3 1 5 2 1 
row20:	4 4 5 3 2 0 1 1 
row21:	4 4 5 3 3 0 0 1 
row22:	4 4 4 3 3 1 0 1 
row23:	4 4 0 3 0 5 3 1 
row24:	4 4 5 3 2 1 0 1 
row25:	4 4 5 3 3 0 0 1 
row26:	4 4 4 3 1 0 3 1 
row27:	4 4 0 3 3 5 0 1 
row28:	4 4 5 3 3 0 0 1 
row29:	4 4 5 3 0 0 3 1 
row30:	4 4 4 3 3 1 0 1 
row31:	4 4 0 3 3 5 0 1 
row32:	4 4 5 3 0 0 3 1 
row33:	4 4 5 3 3 0 0 1 
row34:	4 4 4 3 1 3 0 1 
row35:	4 4 0 3 2 3 3 1 
row36:	4 4 5 3 3 0 0 1 
row37:	4 4 5 3 3 0 0 1 
row38:	4 4 4 3 0 1 3 1 
row39:	4 4 0 3 2 5 1 1 
row40:	4 4 5 3 3 0 0 1 
row41:	4 4 5 3 1 0 2 1 
row42:	4 4 4 3 3 1 0 1 
row43:	4 4 0 3 3 5 0 1 
row44:	4 4 5 3 0 0 3 1 
row45:	4 4 5 3 3 0 0 1 
row46:	4 4 4 3 3 1 0 1 
row47:	4 4 0 3 0 5 3 1 
row48:	4 4 5 3 3 0 0 1 
row49:	4 4 5 3 1 2 0 1 
row50:	4 4 4 3 1 0 3 1 
row51:	4 4 0 3 4 4 0 1 
rbegin=260, rend=265
tnum=8
lte[0]=4
lte[1]=4
lte[2]=0
lte[3]=3
lte[4]=0
lte[5]=0
lte[6]=0
lte[7]=1
lb=12
currentRow is 52
row0:	4 4 5 3 3 0 0 1 
row1:	4 4 5 3 3 0 0 1 
row2:	4 4 4 3 0 1 3 1 
row3:	4 4 0 3 3 5 0 1 
row4:	4 4 5 3 1 2 0 1 
row5:	4 4 5 3 0 0 3 1 
row6:	4 4 4 3 4 0 0 1 
row7:	4 4 0 3 4 4 0 1 
row8:	4 4 5 3 0 0 3 1 
row9:	4 4 5 3 2 1 0 1 
row10:	4 4 4 3 4 0 0 1 
row11:	4 4 0 3 0 5 3 1 
row12:	4 4 5 3 3 0 0 1 
row13:	4 4 5 3 3 0 0 1 
row14:	4 4 4 3 0 1 3 1 
row15:	4 4 0 3 3 5 0 1 
row16:	4 4 5 3 3 0 0 1 
row17:	4 4 5 3 0 0 3 1 
row18:	4 4 4 3 3 1 0 1 
row19:	4 4 0 3 1 5 2 1 
row20:	4 4 5 3 2 0 1 1 
row21:	4 4 5 3 3 0 0 1 
row22:	4 4 4 3 3 1 0 1 
row23:	4 4 0 3 0 5 3 1 
row24:	4 4 5 3 2 1 0 1 
row25:	4 4 5 3 3 0 0 1 
row26:	4 4 4 3 1 0 3 1 
row27:	4 4 0 3 3 5 0 1 
row28:	4 4 5 3 3 0 0 1 
row29:	4 4 5 3 0 0 3 1 
row30:	4 4 4 3 3 1 0 1 
row31:	4 4 0 3 3 5 0 1 
row32:	4 4 5 3 0 0 3 1 
row33:	4 4 5 3 3 0 0 1 
row34:	4 4 4 3 1 3 0 1 
row35:	4 4 0 3 2 3 3 1 
row36:	4 4 5 3 3 0 0 1 
row37:	4 4 5 3 3 0 0 1 
row38:	4 4 4 3 0 1 3 1 
row39:	4 4 0 3 2 5 1 1 
row40:	4 4 5 3 3 0 0 1 
row41:	4 4 5 3 1 0 2 1 
row42:	4 4 4 3 3 1 0 1 
row43:	4 4 0 3 3 5 0 1 
row44:	4 4 5 3 0 0 3 1 
row45:	4 4 5 3 3 0 0 1 
row46:	4 4 4 3 3 1 0 1 
row47:	4 4 0 3 0 5 3 1 
row48:	4 4 5 3 3 0 0 1 
row49:	4 4 5 3 1 2 0 1 
row50:	4 4 4 3 1 0 3 1 
row51:	4 4 0 3 4 4 0 1 
row52:	4 4 5 3 3 0 0 1 
rbegin=265, rend=270
tnum=8
lte[0]=4
lte[1]=4
lte[2]=0
lte[3]=3
lte[4]=0
lte[5]=0
lte[6]=3
lte[7]=1
lb=15
currentRow is 53
row0:	4 4 5 3 3 0 0 1 
row1:	4 4 5 3 3 0 0 1 
row2:	4 4 4 3 0 1 3 1 
row3:	4 4 0 3 3 5 0 1 
row4:	4 4 5 3 1 2 0 1 
row5:	4 4 5 3 0 0 3 1 
row6:	4 4 4 3 4 0 0 1 
row7:	4 4 0 3 4 4 0 1 
row8:	4 4 5 3 0 0 3 1 
row9:	4 4 5 3 2 1 0 1 
row10:	4 4 4 3 4 0 0 1 
row11:	4 4 0 3 0 5 3 1 
row12:	4 4 5 3 3 0 0 1 
row13:	4 4 5 3 3 0 0 1 
row14:	4 4 4 3 0 1 3 1 
row15:	4 4 0 3 3 5 0 1 
row16:	4 4 5 3 3 0 0 1 
row17:	4 4 5 3 0 0 3 1 
row18:	4 4 4 3 3 1 0 1 
row19:	4 4 0 3 1 5 2 1 
row20:	4 4 5 3 2 0 1 1 
row21:	4 4 5 3 3 0 0 1 
row22:	4 4 4 3 3 1 0 1 
row23:	4 4 0 3 0 5 3 1 
row24:	4 4 5 3 2 1 0 1 
row25:	4 4 5 3 3 0 0 1 
row26:	4 4 4 3 1 0 3 1 
row27:	4 4 0 3 3 5 0 1 
row28:	4 4 5 3 3 0 0 1 
row29:	4 4 5 3 0 0 3 1 
row30:	4 4 4 3 3 1 0 1 
row31:	4 4 0 3 3 5 0 1 
row32:	4 4 5 3 0 0 3 1 
row33:	4 4 5 3 3 0 0 1 
row34:	4 4 4 3 1 3 0 1 
row35:	4 4 0 3 2 3 3 1 
row36:	4 4 5 3 3 0 0 1 
row37:	4 4 5 3 3 0 0 1 
row38:	4 4 4 3 0 1 3 1 
row39:	4 4 0 3 2 5 1 1 
row40:	4 4 5 3 3 0 0 1 
row41:	4 4 5 3 1 0 2 1 
row42:	4 4 4 3 3 1 0 1 
row43:	4 4 0 3 3 5 0 1 
row44:	4 4 5 3 0 0 3 1 
row45:	4 4 5 3 3 0 0 1 
row46:	4 4 4 3 3 1 0 1 
row47:	4 4 0 3 0 5 3 1 
row48:	4 4 5 3 3 0 0 1 
row49:	4 4 5 3 1 2 0 1 
row50:	4 4 4 3 1 0 3 1 
row51:	4 4 0 3 4 4 0 1 
row52:	4 4 5 3 3 0 0 1 
row53:	4 4 5 3 0 0 3 1 
rbegin=270, rend=275
tnum=8
lte[0]=4
lte[1]=4
lte[2]=0
lte[3]=3
lte[4]=2
lte[5]=1
lte[6]=0
lte[7]=1
lb=15
currentRow is 54
row0:	4 4 5 3 3 0 0 1 
row1:	4 4 5 3 3 0 0 1 
row2:	4 4 4 3 0 1 3 1 
row3:	4 4 0 3 3 5 0 1 
row4:	4 4 5 3 1 2 0 1 
row5:	4 4 5 3 0 0 3 1 
row6:	4 4 4 3 4 0 0 1 
row7:	4 4 0 3 4 4 0 1 
row8:	4 4 5 3 0 0 3 1 
row9:	4 4 5 3 2 1 0 1 
row10:	4 4 4 3 4 0 0 1 
row11:	4 4 0 3 0 5 3 1 
row12:	4 4 5 3 3 0 0 1 
row13:	4 4 5 3 3 0 0 1 
row14:	4 4 4 3 0 1 3 1 
row15:	4 4 0 3 3 5 0 1 
row16:	4 4 5 3 3 0 0 1 
row17:	4 4 5 3 0 0 3 1 
row18:	4 4 4 3 3 1 0 1 
row19:	4 4 0 3 1 5 2 1 
row20:	4 4 5 3 2 0 1 1 
row21:	4 4 5 3 3 0 0 1 
row22:	4 4 4 3 3 1 0 1 
row23:	4 4 0 3 0 5 3 1 
row24:	4 4 5 3 2 1 0 1 
row25:	4 4 5 3 3 0 0 1 
row26:	4 4 4 3 1 0 3 1 
row27:	4 4 0 3 3 5 0 1 
row28:	4 4 5 3 3 0 0 1 
row29:	4 4 5 3 0 0 3 1 
row30:	4 4 4 3 3 1 0 1 
row31:	4 4 0 3 3 5 0 1 
row32:	4 4 5 3 0 0 3 1 
row33:	4 4 5 3 3 0 0 1 
row34:	4 4 4 3 1 3 0 1 
row35:	4 4 0 3 2 3 3 1 
row36:	4 4 5 3 3 0 0 1 
row37:	4 4 5 3 3 0 0 1 
row38:	4 4 4 3 0 1 3 1 
row39:	4 4 0 3 2 5 1 1 
row40:	4 4 5 3 3 0 0 1 
row41:	4 4 5 3 1 0 2 1 
row42:	4 4 4 3 3 1 0 1 
row43:	4 4 0 3 3 5 0 1 
row44:	4 4 5 3 0 0 3 1 
row45:	4 4 5 3 3 0 0 1 
row46:	4 4 4 3 3 1 0 1 
row47:	4 4 0 3 0 5 3 1 
row48:	4 4 5 3 3 0 0 1 
row49:	4 4 5 3 1 2 0 1 
row50:	4 4 4 3 1 0 3 1 
row51:	4 4 0 3 4 4 0 1 
row52:	4 4 5 3 3 0 0 1 
row53:	4 4 5 3 0 0 3 1 
row54:	4 4 4 3 2 2 0 1 
rbegin=275, rend=280
tnum=8
lte[0]=4
lte[1]=4
lte[2]=0
lte[3]=3
lte[4]=0
lte[5]=4
lte[6]=0
lte[7]=1
lb=16
currentRow is 55
row0:	4 4 5 3 3 0 0 1 
row1:	4 4 5 3 3 0 0 1 
row2:	4 4 4 3 0 1 3 1 
row3:	4 4 0 3 3 5 0 1 
row4:	4 4 5 3 1 2 0 1 
row5:	4 4 5 3 0 0 3 1 
row6:	4 4 4 3 4 0 0 1 
row7:	4 4 0 3 4 4 0 1 
row8:	4 4 5 3 0 0 3 1 
row9:	4 4 5 3 2 1 0 1 
row10:	4 4 4 3 4 0 0 1 
row11:	4 4 0 3 0 5 3 1 
row12:	4 4 5 3 3 0 0 1 
row13:	4 4 5 3 3 0 0 1 
row14:	4 4 4 3 0 1 3 1 
row15:	4 4 0 3 3 5 0 1 
row16:	4 4 5 3 3 0 0 1 
row17:	4 4 5 3 0 0 3 1 
row18:	4 4 4 3 3 1 0 1 
row19:	4 4 0 3 1 5 2 1 
row20:	4 4 5 3 2 0 1 1 
row21:	4 4 5 3 3 0 0 1 
row22:	4 4 4 3 3 1 0 1 
row23:	4 4 0 3 0 5 3 1 
row24:	4 4 5 3 2 1 0 1 
row25:	4 4 5 3 3 0 0 1 
row26:	4 4 4 3 1 0 3 1 
row27:	4 4 0 3 3 5 0 1 
row28:	4 4 5 3 3 0 0 1 
row29:	4 4 5 3 0 0 3 1 
row30:	4 4 4 3 3 1 0 1 
row31:	4 4 0 3 3 5 0 1 
row32:	4 4 5 3 0 0 3 1 
row33:	4 4 5 3 3 0 0 1 
row34:	4 4 4 3 1 3 0 1 
row35:	4 4 0 3 2 3 3 1 
row36:	4 4 5 3 3 0 0 1 
row37:	4 4 5 3 3 0 0 1 
row38:	4 4 4 3 0 1 3 1 
row39:	4 4 0 3 2 5 1 1 
row40:	4 4 5 3 3 0 0 1 
row41:	4 4 5 3 1 0 2 1 
row42:	4 4 4 3 3 1 0 1 
row43:	4 4 0 3 3 5 0 1 
row44:	4 4 5 3 0 0 3 1 
row45:	4 4 5 3 3 0 0 1 
row46:	4 4 4 3 3 1 0 1 
row47:	4 4 0 3 0 5 3 1 
row48:	4 4 5 3 3 0 0 1 
row49:	4 4 5 3 1 2 0 1 
row50:	4 4 4 3 1 0 3 1 
row51:	4 4 0 3 4 4 0 1 
row52:	4 4 5 3 3 0 0 1 
row53:	4 4 5 3 0 0 3 1 
row54:	4 4 4 3 2 2 0 1 
row55:	4 4 0 3 4 4 0 1 
rbegin=280, rend=285
tnum=8
lte[0]=4
lte[1]=4
lte[2]=0
lte[3]=3
lte[4]=0
lte[5]=0
lte[6]=3
lte[7]=1
lb=15
currentRow is 56
row0:	4 4 5 3 3 0 0 1 
row1:	4 4 5 3 3 0 0 1 
row2:	4 4 4 3 0 1 3 1 
row3:	4 4 0 3 3 5 0 1 
row4:	4 4 5 3 1 2 0 1 
row5:	4 4 5 3 0 0 3 1 
row6:	4 4 4 3 4 0 0 1 
row7:	4 4 0 3 4 4 0 1 
row8:	4 4 5 3 0 0 3 1 
row9:	4 4 5 3 2 1 0 1 
row10:	4 4 4 3 4 0 0 1 
row11:	4 4 0 3 0 5 3 1 
row12:	4 4 5 3 3 0 0 1 
row13:	4 4 5 3 3 0 0 1 
row14:	4 4 4 3 0 1 3 1 
row15:	4 4 0 3 3 5 0 1 
row16:	4 4 5 3 3 0 0 1 
row17:	4 4 5 3 0 0 3 1 
row18:	4 4 4 3 3 1 0 1 
row19:	4 4 0 3 1 5 2 1 
row20:	4 4 5 3 2 0 1 1 
row21:	4 4 5 3 3 0 0 1 
row22:	4 4 4 3 3 1 0 1 
row23:	4 4 0 3 0 5 3 1 
row24:	4 4 5 3 2 1 0 1 
row25:	4 4 5 3 3 0 0 1 
row26:	4 4 4 3 1 0 3 1 
row27:	4 4 0 3 3 5 0 1 
row28:	4 4 5 3 3 0 0 1 
row29:	4 4 5 3 0 0 3 1 
row30:	4 4 4 3 3 1 0 1 
row31:	4 4 0 3 3 5 0 1 
row32:	4 4 5 3 0 0 3 1 
row33:	4 4 5 3 3 0 0 1 
row34:	4 4 4 3 1 3 0 1 
row35:	4 4 0 3 2 3 3 1 
row36:	4 4 5 3 3 0 0 1 
row37:	4 4 5 3 3 0 0 1 
row38:	4 4 4 3 0 1 3 1 
row39:	4 4 0 3 2 5 1 1 
row40:	4 4 5 3 3 0 0 1 
row41:	4 4 5 3 1 0 2 1 
row42:	4 4 4 3 3 1 0 1 
row43:	4 4 0 3 3 5 0 1 
row44:	4 4 5 3 0 0 3 1 
row45:	4 4 5 3 3 0 0 1 
row46:	4 4 4 3 3 1 0 1 
row47:	4 4 0 3 0 5 3 1 
row48:	4 4 5 3 3 0 0 1 
row49:	4 4 5 3 1 2 0 1 
row50:	4 4 4 3 1 0 3 1 
row51:	4 4 0 3 4 4 0 1 
row52:	4 4 5 3 3 0 0 1 
row53:	4 4 5 3 0 0 3 1 
row54:	4 4 4 3 2 2 0 1 
row55:	4 4 0 3 4 4 0 1 
row56:	4 4 5 3 0 0 3 1 
rbegin=285, rend=290
tnum=8
lte[0]=4
lte[1]=4
lte[2]=0
lte[3]=3
lte[4]=0
lte[5]=0
lte[6]=0
lte[7]=1
lb=12
currentRow is 57
row0:	4 4 5 3 3 0 0 1 
row1:	4 4 5 3 3 0 0 1 
row2:	4 4 4 3 0 1 3 1 
row3:	4 4 0 3 3 5 0 1 
row4:	4 4 5 3 1 2 0 1 
row5:	4 4 5 3 0 0 3 1 
row6:	4 4 4 3 4 0 0 1 
row7:	4 4 0 3 4 4 0 1 
row8:	4 4 5 3 0 0 3 1 
row9:	4 4 5 3 2 1 0 1 
row10:	4 4 4 3 4 0 0 1 
row11:	4 4 0 3 0 5 3 1 
row12:	4 4 5 3 3 0 0 1 
row13:	4 4 5 3 3 0 0 1 
row14:	4 4 4 3 0 1 3 1 
row15:	4 4 0 3 3 5 0 1 
row16:	4 4 5 3 3 0 0 1 
row17:	4 4 5 3 0 0 3 1 
row18:	4 4 4 3 3 1 0 1 
row19:	4 4 0 3 1 5 2 1 
row20:	4 4 5 3 2 0 1 1 
row21:	4 4 5 3 3 0 0 1 
row22:	4 4 4 3 3 1 0 1 
row23:	4 4 0 3 0 5 3 1 
row24:	4 4 5 3 2 1 0 1 
row25:	4 4 5 3 3 0 0 1 
row26:	4 4 4 3 1 0 3 1 
row27:	4 4 0 3 3 5 0 1 
row28:	4 4 5 3 3 0 0 1 
row29:	4 4 5 3 0 0 3 1 
row30:	4 4 4 3 3 1 0 1 
row31:	4 4 0 3 3 5 0 1 
row32:	4 4 5 3 0 0 3 1 
row33:	4 4 5 3 3 0 0 1 
row34:	4 4 4 3 1 3 0 1 
row35:	4 4 0 3 2 3 3 1 
row36:	4 4 5 3 3 0 0 1 
row37:	4 4 5 3 3 0 0 1 
row38:	4 4 4 3 0 1 3 1 
row39:	4 4 0 3 2 5 1 1 
row40:	4 4 5 3 3 0 0 1 
row41:	4 4 5 3 1 0 2 1 
row42:	4 4 4 3 3 1 0 1 
row43:	4 4 0 3 3 5 0 1 
row44:	4 4 5 3 0 0 3 1 
row45:	4 4 5 3 3 0 0 1 
row46:	4 4 4 3 3 1 0 1 
row47:	4 4 0 3 0 5 3 1 
row48:	4 4 5 3 3 0 0 1 
row49:	4 4 5 3 1 2 0 1 
row50:	4 4 4 3 1 0 3 1 
row51:	4 4 0 3 4 4 0 1 
row52:	4 4 5 3 3 0 0 1 
row53:	4 4 5 3 0 0 3 1 
row54:	4 4 4 3 2 2 0 1 
row55:	4 4 0 3 4 4 0 1 
row56:	4 4 5 3 0 0 3 1 
row57:	4 4 5 3 3 0 0 1 
rbegin=290, rend=295
tnum=8
lte[0]=4
lte[1]=4
lte[2]=0
lte[3]=3
lte[4]=0
lte[5]=1
lte[6]=0
lte[7]=1
lb=13
currentRow is 58
row0:	4 4 5 3 3 0 0 1 
row1:	4 4 5 3 3 0 0 1 
row2:	4 4 4 3 0 1 3 1 
row3:	4 4 0 3 3 5 0 1 
row4:	4 4 5 3 1 2 0 1 
row5:	4 4 5 3 0 0 3 1 
row6:	4 4 4 3 4 0 0 1 
row7:	4 4 0 3 4 4 0 1 
row8:	4 4 5 3 0 0 3 1 
row9:	4 4 5 3 2 1 0 1 
row10:	4 4 4 3 4 0 0 1 
row11:	4 4 0 3 0 5 3 1 
row12:	4 4 5 3 3 0 0 1 
row13:	4 4 5 3 3 0 0 1 
row14:	4 4 4 3 0 1 3 1 
row15:	4 4 0 3 3 5 0 1 
row16:	4 4 5 3 3 0 0 1 
row17:	4 4 5 3 0 0 3 1 
row18:	4 4 4 3 3 1 0 1 
row19:	4 4 0 3 1 5 2 1 
row20:	4 4 5 3 2 0 1 1 
row21:	4 4 5 3 3 0 0 1 
row22:	4 4 4 3 3 1 0 1 
row23:	4 4 0 3 0 5 3 1 
row24:	4 4 5 3 2 1 0 1 
row25:	4 4 5 3 3 0 0 1 
row26:	4 4 4 3 1 0 3 1 
row27:	4 4 0 3 3 5 0 1 
row28:	4 4 5 3 3 0 0 1 
row29:	4 4 5 3 0 0 3 1 
row30:	4 4 4 3 3 1 0 1 
row31:	4 4 0 3 3 5 0 1 
row32:	4 4 5 3 0 0 3 1 
row33:	4 4 5 3 3 0 0 1 
row34:	4 4 4 3 1 3 0 1 
row35:	4 4 0 3 2 3 3 1 
row36:	4 4 5 3 3 0 0 1 
row37:	4 4 5 3 3 0 0 1 
row38:	4 4 4 3 0 1 3 1 
row39:	4 4 0 3 2 5 1 1 
row40:	4 4 5 3 3 0 0 1 
row41:	4 4 5 3 1 0 2 1 
row42:	4 4 4 3 3 1 0 1 
row43:	4 4 0 3 3 5 0 1 
row44:	4 4 5 3 0 0 3 1 
row45:	4 4 5 3 3 0 0 1 
row46:	4 4 4 3 3 1 0 1 
row47:	4 4 0 3 0 5 3 1 
row48:	4 4 5 3 3 0 0 1 
row49:	4 4 5 3 1 2 0 1 
row50:	4 4 4 3 1 0 3 1 
row51:	4 4 0 3 4 4 0 1 
row52:	4 4 5 3 3 0 0 1 
row53:	4 4 5 3 0 0 3 1 
row54:	4 4 4 3 2 2 0 1 
row55:	4 4 0 3 4 4 0 1 
row56:	4 4 5 3 0 0 3 1 
row57:	4 4 5 3 3 0 0 1 
row58:	4 4 4 3 3 1 0 1 
rbegin=295, rend=300
tnum=8
lte[0]=4
lte[1]=4
lte[2]=0
lte[3]=3
lte[4]=0
lte[5]=5
lte[6]=3
lte[7]=1
lb=20
currentRow is 59
row0:	4 4 5 3 3 0 0 1 
row1:	4 4 5 3 3 0 0 1 
row2:	4 4 4 3 0 1 3 1 
row3:	4 4 0 3 3 5 0 1 
row4:	4 4 5 3 1 2 0 1 
row5:	4 4 5 3 0 0 3 1 
row6:	4 4 4 3 4 0 0 1 
row7:	4 4 0 3 4 4 0 1 
row8:	4 4 5 3 0 0 3 1 
row9:	4 4 5 3 2 1 0 1 
row10:	4 4 4 3 4 0 0 1 
row11:	4 4 0 3 0 5 3 1 
row12:	4 4 5 3 3 0 0 1 
row13:	4 4 5 3 3 0 0 1 
row14:	4 4 4 3 0 1 3 1 
row15:	4 4 0 3 3 5 0 1 
row16:	4 4 5 3 3 0 0 1 
row17:	4 4 5 3 0 0 3 1 
row18:	4 4 4 3 3 1 0 1 
row19:	4 4 0 3 1 5 2 1 
row20:	4 4 5 3 2 0 1 1 
row21:	4 4 5 3 3 0 0 1 
row22:	4 4 4 3 3 1 0 1 
row23:	4 4 0 3 0 5 3 1 
row24:	4 4 5 3 2 1 0 1 
row25:	4 4 5 3 3 0 0 1 
row26:	4 4 4 3 1 0 3 1 
row27:	4 4 0 3 3 5 0 1 
row28:	4 4 5 3 3 0 0 1 
row29:	4 4 5 3 0 0 3 1 
row30:	4 4 4 3 3 1 0 1 
row31:	4 4 0 3 3 5 0 1 
row32:	4 4 5 3 0 0 3 1 
row33:	4 4 5 3 3 0 0 1 
row34:	4 4 4 3 1 3 0 1 
row35:	4 4 0 3 2 3 3 1 
row36:	4 4 5 3 3 0 0 1 
row37:	4 4 5 3 3 0 0 1 
row38:	4 4 4 3 0 1 3 1 
row39:	4 4 0 3 2 5 1 1 
row40:	4 4 5 3 3 0 0 1 
row41:	4 4 5 3 1 0 2 1 
row42:	4 4 4 3 3 1 0 1 
row43:	4 4 0 3 3 5 0 1 
row44:	4 4 5 3 0 0 3 1 
row45:	4 4 5 3 3 0 0 1 
row46:	4 4 4 3 3 1 0 1 
row47:	4 4 0 3 0 5 3 1 
row48:	4 4 5 3 3 0 0 1 
row49:	4 4 5 3 1 2 0 1 
row50:	4 4 4 3 1 0 3 1 
row51:	4 4 0 3 4 4 0 1 
row52:	4 4 5 3 3 0 0 1 
row53:	4 4 5 3 0 0 3 1 
row54:	4 4 4 3 2 2 0 1 
row55:	4 4 0 3 4 4 0 1 
row56:	4 4 5 3 0 0 3 1 
row57:	4 4 5 3 3 0 0 1 
row58:	4 4 4 3 3 1 0 1 
row59:	4 4 0 3 0 5 3 1 
