laxity[0]=1
laxity[1]=2
laxity[2]=11
laxity[3]=9
laxity[4]=15
laxity[5]=5
laxity[6]=17
laxity[7]=24
rbegin=0, rend=10
tnum=8
lte[0]=9
lte[1]=8
lte[2]=0
lte[3]=1
lte[4]=0
lte[5]=5
lte[6]=0
lte[7]=0
lb=23
currentRow is 0
row0:	9 8 10 8 0 5 0 0 
rbegin=10, rend=20
tnum=8
lte[0]=9
lte[1]=8
lte[2]=0
lte[3]=3
lte[4]=5
lte[5]=5
lte[6]=3
lte[7]=0
lb=33
currentRow is 1
row0:	9 8 10 8 0 5 0 0 
row1:	9 8 4 3 8 5 3 0 
rbegin=20, rend=25
tnum=8
lte[0]=4
lte[1]=3
lte[2]=0
lte[3]=0
lte[4]=2
lte[5]=0
lte[6]=0
lte[7]=1
lb=10
currentRow is 2
row0:	9 8 10 8 0 5 0 0 
row1:	9 8 4 3 8 5 3 0 
row2:	5 5 0 5 4 0 0 1 
rbegin=25, rend=30
tnum=8
lte[0]=4
lte[1]=3
lte[2]=0
lte[3]=0
lte[4]=3
lte[5]=5
lte[6]=0
lte[7]=0
lb=15
currentRow is 3
row0:	9 8 10 8 0 5 0 0 
row1:	9 8 4 3 8 5 3 0 
row2:	5 5 0 5 4 0 0 1 
row3:	4 3 5 0 3 5 0 0 
rbegin=30, rend=40
tnum=8
lte[0]=9
lte[1]=8
lte[2]=0
lte[3]=6
lte[4]=0
lte[5]=5
lte[6]=3
lte[7]=0
lb=31
currentRow is 4
row0:	9 8 10 8 0 5 0 0 
row1:	9 8 4 3 8 5 3 0 
row2:	5 5 0 5 4 0 0 1 
row3:	4 3 5 0 3 5 0 0 
row4:	9 8 9 6 0 5 3 0 
rbegin=40, rend=50
tnum=8
lte[0]=9
lte[1]=8
lte[2]=0
lte[3]=1
lte[4]=5
lte[5]=5
lte[6]=0
lte[7]=1
lb=29
currentRow is 5
row0:	9 8 10 8 0 5 0 0 
row1:	9 8 4 3 8 5 3 0 
row2:	5 5 0 5 4 0 0 1 
row3:	4 3 5 0 3 5 0 0 
row4:	9 8 9 6 0 5 3 0 
row5:	9 8 0 10 7 5 0 1 
rbegin=50, rend=60
tnum=8
lte[0]=9
lte[1]=8
lte[2]=0
lte[3]=1
lte[4]=8
lte[5]=5
lte[6]=3
lte[7]=0
lb=34
currentRow is 6
row0:	9 8 10 8 0 5 0 0 
row1:	9 8 4 3 8 5 3 0 
row2:	5 5 0 5 4 0 0 1 
row3:	4 3 5 0 3 5 0 0 
row4:	9 8 9 6 0 5 3 0 
row5:	9 8 0 10 7 5 0 1 
row6:	9 8 6 1 8 5 3 0 
rbegin=60, rend=70
tnum=8
lte[0]=9
lte[1]=8
lte[2]=3
lte[3]=1
lte[4]=0
lte[5]=5
lte[6]=0
lte[7]=0
lb=26
currentRow is 7
row0:	9 8 10 8 0 5 0 0 
row1:	9 8 4 3 8 5 3 0 
row2:	5 5 0 5 4 0 0 1 
row3:	4 3 5 0 3 5 0 0 
row4:	9 8 9 6 0 5 3 0 
row5:	9 8 0 10 7 5 0 1 
row6:	9 8 6 1 8 5 3 0 
row7:	9 8 8 10 0 5 0 0 
rbegin=70, rend=75
tnum=8
lte[0]=4
lte[1]=3
lte[2]=0
lte[3]=0
lte[4]=0
lte[5]=0
lte[6]=0
lte[7]=1
lb=8
currentRow is 8
row0:	9 8 10 8 0 5 0 0 
row1:	9 8 4 3 8 5 3 0 
row2:	5 5 0 5 4 0 0 1 
row3:	4 3 5 0 3 5 0 0 
row4:	9 8 9 6 0 5 3 0 
row5:	9 8 0 10 7 5 0 1 
row6:	9 8 6 1 8 5 3 0 
row7:	9 8 8 10 0 5 0 0 
row8:	5 5 0 1 5 3 0 1 
rbegin=75, rend=80
tnum=8
lte[0]=4
lte[1]=3
lte[2]=0
lte[3]=0
lte[4]=0
lte[5]=2
lte[6]=3
lte[7]=0
lb=12
currentRow is 9
row0:	9 8 10 8 0 5 0 0 
row1:	9 8 4 3 8 5 3 0 
row2:	5 5 0 5 4 0 0 1 
row3:	4 3 5 0 3 5 0 0 
row4:	9 8 9 6 0 5 3 0 
row5:	9 8 0 10 7 5 0 1 
row6:	9 8 6 1 8 5 3 0 
row7:	9 8 8 10 0 5 0 0 
row8:	5 5 0 1 5 3 0 1 
row9:	4 3 5 0 3 2 3 0 
rbegin=80, rend=90
tnum=8
lte[0]=9
lte[1]=8
lte[2]=0
lte[3]=1
lte[4]=7
lte[5]=5
lte[6]=0
lte[7]=0
lb=30
currentRow is 10
row0:	9 8 10 8 0 5 0 0 
row1:	9 8 4 3 8 5 3 0 
row2:	5 5 0 5 4 0 0 1 
row3:	4 3 5 0 3 5 0 0 
row4:	9 8 9 6 0 5 3 0 
row5:	9 8 0 10 7 5 0 1 
row6:	9 8 6 1 8 5 3 0 
row7:	9 8 8 10 0 5 0 0 
row8:	5 5 0 1 5 3 0 1 
row9:	4 3 5 0 3 2 3 0 
row10:	9 8 9 2 7 5 0 0 
rbegin=90, rend=100
tnum=8
lte[0]=9
lte[1]=8
lte[2]=0
lte[3]=9
lte[4]=0
lte[5]=5
lte[6]=3
lte[7]=1
lb=35
currentRow is 11
row0:	9 8 10 8 0 5 0 0 
row1:	9 8 4 3 8 5 3 0 
row2:	5 5 0 5 4 0 0 1 
row3:	4 3 5 0 3 5 0 0 
row4:	9 8 9 6 0 5 3 0 
row5:	9 8 0 10 7 5 0 1 
row6:	9 8 6 1 8 5 3 0 
row7:	9 8 8 10 0 5 0 0 
row8:	5 5 0 1 5 3 0 1 
row9:	4 3 5 0 3 2 3 0 
row10:	9 8 9 2 7 5 0 0 
row11:	9 8 0 9 5 5 3 1 
rbegin=100, rend=110
tnum=8
lte[0]=9
lte[1]=8
lte[2]=0
lte[3]=1
lte[4]=0
lte[5]=5
lte[6]=0
lte[7]=0
lb=23
currentRow is 12
row0:	9 8 10 8 0 5 0 0 
row1:	9 8 4 3 8 5 3 0 
row2:	5 5 0 5 4 0 0 1 
row3:	4 3 5 0 3 5 0 0 
row4:	9 8 9 6 0 5 3 0 
row5:	9 8 0 10 7 5 0 1 
row6:	9 8 6 1 8 5 3 0 
row7:	9 8 8 10 0 5 0 0 
row8:	5 5 0 1 5 3 0 1 
row9:	4 3 5 0 3 2 3 0 
row10:	9 8 9 2 7 5 0 0 
row11:	9 8 0 9 5 5 3 1 
row12:	9 8 10 8 0 5 0 0 
rbegin=110, rend=120
tnum=8
lte[0]=9
lte[1]=8
lte[2]=0
lte[3]=3
lte[4]=10
lte[5]=5
lte[6]=3
lte[7]=0
lb=38
currentRow is 13
row0:	9 8 10 8 0 5 0 0 
row1:	9 8 4 3 8 5 3 0 
row2:	5 5 0 5 4 0 0 1 
row3:	4 3 5 0 3 5 0 0 
row4:	9 8 9 6 0 5 3 0 
row5:	9 8 0 10 7 5 0 1 
row6:	9 8 6 1 8 5 3 0 
row7:	9 8 8 10 0 5 0 0 
row8:	5 5 0 1 5 3 0 1 
row9:	4 3 5 0 3 2 3 0 
row10:	9 8 9 2 7 5 0 0 
row11:	9 8 0 9 5 5 3 1 
row12:	9 8 10 8 0 5 0 0 
row13:	9 8 2 3 10 5 3 0 
rbegin=120, rend=125
tnum=8
lte[0]=4
lte[1]=3
lte[2]=2
lte[3]=0
lte[4]=0
lte[5]=0
lte[6]=0
lte[7]=1
lb=10
currentRow is 14
row0:	9 8 10 8 0 5 0 0 
row1:	9 8 4 3 8 5 3 0 
row2:	5 5 0 5 4 0 0 1 
row3:	4 3 5 0 3 5 0 0 
row4:	9 8 9 6 0 5 3 0 
row5:	9 8 0 10 7 5 0 1 
row6:	9 8 6 1 8 5 3 0 
row7:	9 8 8 10 0 5 0 0 
row8:	5 5 0 1 5 3 0 1 
row9:	4 3 5 0 3 2 3 0 
row10:	9 8 9 2 7 5 0 0 
row11:	9 8 0 9 5 5 3 1 
row12:	9 8 10 8 0 5 0 0 
row13:	9 8 2 3 10 5 3 0 
row14:	5 5 2 5 2 0 0 1 
rbegin=125, rend=130
tnum=8
lte[0]=4
lte[1]=3
lte[2]=0
lte[3]=0
lte[4]=0
lte[5]=5
lte[6]=0
lte[7]=0
lb=12
currentRow is 15
row0:	9 8 10 8 0 5 0 0 
row1:	9 8 4 3 8 5 3 0 
row2:	5 5 0 5 4 0 0 1 
row3:	4 3 5 0 3 5 0 0 
row4:	9 8 9 6 0 5 3 0 
row5:	9 8 0 10 7 5 0 1 
row6:	9 8 6 1 8 5 3 0 
row7:	9 8 8 10 0 5 0 0 
row8:	5 5 0 1 5 3 0 1 
row9:	4 3 5 0 3 2 3 0 
row10:	9 8 9 2 7 5 0 0 
row11:	9 8 0 9 5 5 3 1 
row12:	9 8 10 8 0 5 0 0 
row13:	9 8 2 3 10 5 3 0 
row14:	5 5 2 5 2 0 0 1 
row15:	4 3 5 3 0 5 0 0 
rbegin=130, rend=140
tnum=8
lte[0]=9
lte[1]=8
lte[2]=0
lte[3]=3
lte[4]=3
lte[5]=5
lte[6]=3
lte[7]=0
lb=31
currentRow is 16
row0:	9 8 10 8 0 5 0 0 
row1:	9 8 4 3 8 5 3 0 
row2:	5 5 0 5 4 0 0 1 
row3:	4 3 5 0 3 5 0 0 
row4:	9 8 9 6 0 5 3 0 
row5:	9 8 0 10 7 5 0 1 
row6:	9 8 6 1 8 5 3 0 
row7:	9 8 8 10 0 5 0 0 
row8:	5 5 0 1 5 3 0 1 
row9:	4 3 5 0 3 2 3 0 
row10:	9 8 9 2 7 5 0 0 
row11:	9 8 0 9 5 5 3 1 
row12:	9 8 10 8 0 5 0 0 
row13:	9 8 2 3 10 5 3 0 
row14:	5 5 2 5 2 0 0 1 
row15:	4 3 5 3 0 5 0 0 
row16:	9 8 9 3 3 5 3 0 
rbegin=140, rend=150
tnum=8
lte[0]=9
lte[1]=8
lte[2]=0
lte[3]=1
lte[4]=10
lte[5]=5
lte[6]=0
lte[7]=1
lb=34
currentRow is 17
row0:	9 8 10 8 0 5 0 0 
row1:	9 8 4 3 8 5 3 0 
row2:	5 5 0 5 4 0 0 1 
row3:	4 3 5 0 3 5 0 0 
row4:	9 8 9 6 0 5 3 0 
row5:	9 8 0 10 7 5 0 1 
row6:	9 8 6 1 8 5 3 0 
row7:	9 8 8 10 0 5 0 0 
row8:	5 5 0 1 5 3 0 1 
row9:	4 3 5 0 3 2 3 0 
row10:	9 8 9 2 7 5 0 0 
row11:	9 8 0 9 5 5 3 1 
row12:	9 8 10 8 0 5 0 0 
row13:	9 8 2 3 10 5 3 0 
row14:	5 5 2 5 2 0 0 1 
row15:	4 3 5 3 0 5 0 0 
row16:	9 8 9 3 3 5 3 0 
row17:	9 8 0 7 10 5 0 1 
rbegin=150, rend=160
tnum=8
lte[0]=9
lte[1]=8
lte[2]=0
lte[3]=4
lte[4]=0
lte[5]=5
lte[6]=3
lte[7]=0
lb=29
currentRow is 18
row0:	9 8 10 8 0 5 0 0 
row1:	9 8 4 3 8 5 3 0 
row2:	5 5 0 5 4 0 0 1 
row3:	4 3 5 0 3 5 0 0 
row4:	9 8 9 6 0 5 3 0 
row5:	9 8 0 10 7 5 0 1 
row6:	9 8 6 1 8 5 3 0 
row7:	9 8 8 10 0 5 0 0 
row8:	5 5 0 1 5 3 0 1 
row9:	4 3 5 0 3 2 3 0 
row10:	9 8 9 2 7 5 0 0 
row11:	9 8 0 9 5 5 3 1 
row12:	9 8 10 8 0 5 0 0 
row13:	9 8 2 3 10 5 3 0 
row14:	5 5 2 5 2 0 0 1 
row15:	4 3 5 3 0 5 0 0 
row16:	9 8 9 3 3 5 3 0 
row17:	9 8 0 7 10 5 0 1 
row18:	9 8 10 4 1 5 3 0 
rbegin=160, rend=170
tnum=8
lte[0]=9
lte[1]=8
lte[2]=0
lte[3]=1
lte[4]=4
lte[5]=5
lte[6]=0
lte[7]=0
lb=27
currentRow is 19
row0:	9 8 10 8 0 5 0 0 
row1:	9 8 4 3 8 5 3 0 
row2:	5 5 0 5 4 0 0 1 
row3:	4 3 5 0 3 5 0 0 
row4:	9 8 9 6 0 5 3 0 
row5:	9 8 0 10 7 5 0 1 
row6:	9 8 6 1 8 5 3 0 
row7:	9 8 8 10 0 5 0 0 
row8:	5 5 0 1 5 3 0 1 
row9:	4 3 5 0 3 2 3 0 
row10:	9 8 9 2 7 5 0 0 
row11:	9 8 0 9 5 5 3 1 
row12:	9 8 10 8 0 5 0 0 
row13:	9 8 2 3 10 5 3 0 
row14:	5 5 2 5 2 0 0 1 
row15:	4 3 5 3 0 5 0 0 
row16:	9 8 9 3 3 5 3 0 
row17:	9 8 0 7 10 5 0 1 
row18:	9 8 10 4 1 5 3 0 
row19:	9 8 4 10 4 5 0 0 
rbegin=170, rend=175
tnum=8
lte[0]=4
lte[1]=3
lte[2]=0
lte[3]=0
lte[4]=5
lte[5]=0
lte[6]=0
lte[7]=1
lb=13
currentRow is 20
row0:	9 8 10 8 0 5 0 0 
row1:	9 8 4 3 8 5 3 0 
row2:	5 5 0 5 4 0 0 1 
row3:	4 3 5 0 3 5 0 0 
row4:	9 8 9 6 0 5 3 0 
row5:	9 8 0 10 7 5 0 1 
row6:	9 8 6 1 8 5 3 0 
row7:	9 8 8 10 0 5 0 0 
row8:	5 5 0 1 5 3 0 1 
row9:	4 3 5 0 3 2 3 0 
row10:	9 8 9 2 7 5 0 0 
row11:	9 8 0 9 5 5 3 1 
row12:	9 8 10 8 0 5 0 0 
row13:	9 8 2 3 10 5 3 0 
row14:	5 5 2 5 2 0 0 1 
row15:	4 3 5 3 0 5 0 0 
row16:	9 8 9 3 3 5 3 0 
row17:	9 8 0 7 10 5 0 1 
row18:	9 8 10 4 1 5 3 0 
row19:	9 8 4 10 4 5 0 0 
row20:	5 5 0 1 5 3 0 1 
rbegin=175, rend=180
tnum=8
lte[0]=4
lte[1]=3
lte[2]=0
lte[3]=0
lte[4]=5
lte[5]=2
lte[6]=3
lte[7]=0
lb=17
currentRow is 21
row0:	9 8 10 8 0 5 0 0 
row1:	9 8 4 3 8 5 3 0 
row2:	5 5 0 5 4 0 0 1 
row3:	4 3 5 0 3 5 0 0 
row4:	9 8 9 6 0 5 3 0 
row5:	9 8 0 10 7 5 0 1 
row6:	9 8 6 1 8 5 3 0 
row7:	9 8 8 10 0 5 0 0 
row8:	5 5 0 1 5 3 0 1 
row9:	4 3 5 0 3 2 3 0 
row10:	9 8 9 2 7 5 0 0 
row11:	9 8 0 9 5 5 3 1 
row12:	9 8 10 8 0 5 0 0 
row13:	9 8 2 3 10 5 3 0 
row14:	5 5 2 5 2 0 0 1 
row15:	4 3 5 3 0 5 0 0 
row16:	9 8 9 3 3 5 3 0 
row17:	9 8 0 7 10 5 0 1 
row18:	9 8 10 4 1 5 3 0 
row19:	9 8 4 10 4 5 0 0 
row20:	5 5 0 1 5 3 0 1 
row21:	4 3 3 0 5 2 3 0 
rbegin=180, rend=190
tnum=8
lte[0]=9
lte[1]=8
lte[2]=1
lte[3]=1
lte[4]=0
lte[5]=5
lte[6]=0
lte[7]=0
lb=24
currentRow is 22
row0:	9 8 10 8 0 5 0 0 
row1:	9 8 4 3 8 5 3 0 
row2:	5 5 0 5 4 0 0 1 
row3:	4 3 5 0 3 5 0 0 
row4:	9 8 9 6 0 5 3 0 
row5:	9 8 0 10 7 5 0 1 
row6:	9 8 6 1 8 5 3 0 
row7:	9 8 8 10 0 5 0 0 
row8:	5 5 0 1 5 3 0 1 
row9:	4 3 5 0 3 2 3 0 
row10:	9 8 9 2 7 5 0 0 
row11:	9 8 0 9 5 5 3 1 
row12:	9 8 10 8 0 5 0 0 
row13:	9 8 2 3 10 5 3 0 
row14:	5 5 2 5 2 0 0 1 
row15:	4 3 5 3 0 5 0 0 
row16:	9 8 9 3 3 5 3 0 
row17:	9 8 0 7 10 5 0 1 
row18:	9 8 10 4 1 5 3 0 
row19:	9 8 4 10 4 5 0 0 
row20:	5 5 0 1 5 3 0 1 
row21:	4 3 3 0 5 2 3 0 
row22:	9 8 10 8 0 5 0 0 
rbegin=190, rend=200
tnum=8
lte[0]=9
lte[1]=8
lte[2]=1
lte[3]=3
lte[4]=5
lte[5]=5
lte[6]=3
lte[7]=1
lb=35
currentRow is 23
row0:	9 8 10 8 0 5 0 0 
row1:	9 8 4 3 8 5 3 0 
row2:	5 5 0 5 4 0 0 1 
row3:	4 3 5 0 3 5 0 0 
row4:	9 8 9 6 0 5 3 0 
row5:	9 8 0 10 7 5 0 1 
row6:	9 8 6 1 8 5 3 0 
row7:	9 8 8 10 0 5 0 0 
row8:	5 5 0 1 5 3 0 1 
row9:	4 3 5 0 3 2 3 0 
row10:	9 8 9 2 7 5 0 0 
row11:	9 8 0 9 5 5 3 1 
row12:	9 8 10 8 0 5 0 0 
row13:	9 8 2 3 10 5 3 0 
row14:	5 5 2 5 2 0 0 1 
row15:	4 3 5 3 0 5 0 0 
row16:	9 8 9 3 3 5 3 0 
row17:	9 8 0 7 10 5 0 1 
row18:	9 8 10 4 1 5 3 0 
row19:	9 8 4 10 4 5 0 0 
row20:	5 5 0 1 5 3 0 1 
row21:	4 3 3 0 5 2 3 0 
row22:	9 8 10 8 0 5 0 0 
row23:	9 8 1 3 10 5 3 1 
rbegin=200, rend=210
tnum=8
lte[0]=9
lte[1]=8
lte[2]=0
lte[3]=1
lte[4]=5
lte[5]=5
lte[6]=0
lte[7]=0
lb=28
currentRow is 24
row0:	9 8 10 8 0 5 0 0 
row1:	9 8 4 3 8 5 3 0 
row2:	5 5 0 5 4 0 0 1 
row3:	4 3 5 0 3 5 0 0 
row4:	9 8 9 6 0 5 3 0 
row5:	9 8 0 10 7 5 0 1 
row6:	9 8 6 1 8 5 3 0 
row7:	9 8 8 10 0 5 0 0 
row8:	5 5 0 1 5 3 0 1 
row9:	4 3 5 0 3 2 3 0 
row10:	9 8 9 2 7 5 0 0 
row11:	9 8 0 9 5 5 3 1 
row12:	9 8 10 8 0 5 0 0 
row13:	9 8 2 3 10 5 3 0 
row14:	5 5 2 5 2 0 0 1 
row15:	4 3 5 3 0 5 0 0 
row16:	9 8 9 3 3 5 3 0 
row17:	9 8 0 7 10 5 0 1 
row18:	9 8 10 4 1 5 3 0 
row19:	9 8 4 10 4 5 0 0 
row20:	5 5 0 1 5 3 0 1 
row21:	4 3 3 0 5 2 3 0 
row22:	9 8 10 8 0 5 0 0 
row23:	9 8 1 3 10 5 3 1 
row24:	9 8 10 3 5 5 0 0 
rbegin=210, rend=220
tnum=8
lte[0]=9
lte[1]=8
lte[2]=0
lte[3]=8
lte[4]=0
lte[5]=5
lte[6]=3
lte[7]=0
lb=33
currentRow is 25
row0:	9 8 10 8 0 5 0 0 
row1:	9 8 4 3 8 5 3 0 
row2:	5 5 0 5 4 0 0 1 
row3:	4 3 5 0 3 5 0 0 
row4:	9 8 9 6 0 5 3 0 
row5:	9 8 0 10 7 5 0 1 
row6:	9 8 6 1 8 5 3 0 
row7:	9 8 8 10 0 5 0 0 
row8:	5 5 0 1 5 3 0 1 
row9:	4 3 5 0 3 2 3 0 
row10:	9 8 9 2 7 5 0 0 
row11:	9 8 0 9 5 5 3 1 
row12:	9 8 10 8 0 5 0 0 
row13:	9 8 2 3 10 5 3 0 
row14:	5 5 2 5 2 0 0 1 
row15:	4 3 5 3 0 5 0 0 
row16:	9 8 9 3 3 5 3 0 
row17:	9 8 0 7 10 5 0 1 
row18:	9 8 10 4 1 5 3 0 
row19:	9 8 4 10 4 5 0 0 
row20:	5 5 0 1 5 3 0 1 
row21:	4 3 3 0 5 2 3 0 
row22:	9 8 10 8 0 5 0 0 
row23:	9 8 1 3 10 5 3 1 
row24:	9 8 10 3 5 5 0 0 
row25:	9 8 4 8 3 5 3 0 
rbegin=220, rend=225
tnum=8
lte[0]=4
lte[1]=3
lte[2]=0
lte[3]=0
lte[4]=0
lte[5]=0
lte[6]=0
lte[7]=1
lb=8
currentRow is 26
row0:	9 8 10 8 0 5 0 0 
row1:	9 8 4 3 8 5 3 0 
row2:	5 5 0 5 4 0 0 1 
row3:	4 3 5 0 3 5 0 0 
row4:	9 8 9 6 0 5 3 0 
row5:	9 8 0 10 7 5 0 1 
row6:	9 8 6 1 8 5 3 0 
row7:	9 8 8 10 0 5 0 0 
row8:	5 5 0 1 5 3 0 1 
row9:	4 3 5 0 3 2 3 0 
row10:	9 8 9 2 7 5 0 0 
row11:	9 8 0 9 5 5 3 1 
row12:	9 8 10 8 0 5 0 0 
row13:	9 8 2 3 10 5 3 0 
row14:	5 5 2 5 2 0 0 1 
row15:	4 3 5 3 0 5 0 0 
row16:	9 8 9 3 3 5 3 0 
row17:	9 8 0 7 10 5 0 1 
row18:	9 8 10 4 1 5 3 0 
row19:	9 8 4 10 4 5 0 0 
row20:	5 5 0 1 5 3 0 1 
row21:	4 3 3 0 5 2 3 0 
row22:	9 8 10 8 0 5 0 0 
row23:	9 8 1 3 10 5 3 1 
row24:	9 8 10 3 5 5 0 0 
row25:	9 8 4 8 3 5 3 0 
row26:	5 5 0 5 4 0 0 1 
rbegin=225, rend=230
tnum=8
lte[0]=4
lte[1]=3
lte[2]=0
lte[3]=0
lte[4]=0
lte[5]=5
lte[6]=0
lte[7]=0
lb=12
currentRow is 27
row0:	9 8 10 8 0 5 0 0 
row1:	9 8 4 3 8 5 3 0 
row2:	5 5 0 5 4 0 0 1 
row3:	4 3 5 0 3 5 0 0 
row4:	9 8 9 6 0 5 3 0 
row5:	9 8 0 10 7 5 0 1 
row6:	9 8 6 1 8 5 3 0 
row7:	9 8 8 10 0 5 0 0 
row8:	5 5 0 1 5 3 0 1 
row9:	4 3 5 0 3 2 3 0 
row10:	9 8 9 2 7 5 0 0 
row11:	9 8 0 9 5 5 3 1 
row12:	9 8 10 8 0 5 0 0 
row13:	9 8 2 3 10 5 3 0 
row14:	5 5 2 5 2 0 0 1 
row15:	4 3 5 3 0 5 0 0 
row16:	9 8 9 3 3 5 3 0 
row17:	9 8 0 7 10 5 0 1 
row18:	9 8 10 4 1 5 3 0 
row19:	9 8 4 10 4 5 0 0 
row20:	5 5 0 1 5 3 0 1 
row21:	4 3 3 0 5 2 3 0 
row22:	9 8 10 8 0 5 0 0 
row23:	9 8 1 3 10 5 3 1 
row24:	9 8 10 3 5 5 0 0 
row25:	9 8 4 8 3 5 3 0 
row26:	5 5 0 5 4 0 0 1 
row27:	4 3 5 3 0 5 0 0 
rbegin=230, rend=240
tnum=8
lte[0]=9
lte[1]=8
lte[2]=0
lte[3]=3
lte[4]=8
lte[5]=5
lte[6]=3
lte[7]=0
lb=36
currentRow is 28
row0:	9 8 10 8 0 5 0 0 
row1:	9 8 4 3 8 5 3 0 
row2:	5 5 0 5 4 0 0 1 
row3:	4 3 5 0 3 5 0 0 
row4:	9 8 9 6 0 5 3 0 
row5:	9 8 0 10 7 5 0 1 
row6:	9 8 6 1 8 5 3 0 
row7:	9 8 8 10 0 5 0 0 
row8:	5 5 0 1 5 3 0 1 
row9:	4 3 5 0 3 2 3 0 
row10:	9 8 9 2 7 5 0 0 
row11:	9 8 0 9 5 5 3 1 
row12:	9 8 10 8 0 5 0 0 
row13:	9 8 2 3 10 5 3 0 
row14:	5 5 2 5 2 0 0 1 
row15:	4 3 5 3 0 5 0 0 
row16:	9 8 9 3 3 5 3 0 
row17:	9 8 0 7 10 5 0 1 
row18:	9 8 10 4 1 5 3 0 
row19:	9 8 4 10 4 5 0 0 
row20:	5 5 0 1 5 3 0 1 
row21:	4 3 3 0 5 2 3 0 
row22:	9 8 10 8 0 5 0 0 
row23:	9 8 1 3 10 5 3 1 
row24:	9 8 10 3 5 5 0 0 
row25:	9 8 4 8 3 5 3 0 
row26:	5 5 0 5 4 0 0 1 
row27:	4 3 5 3 0 5 0 0 
row28:	9 8 4 3 8 5 3 0 
rbegin=240, rend=250
tnum=8
lte[0]=9
lte[1]=8
lte[2]=5
lte[3]=1
lte[4]=0
lte[5]=5
lte[6]=0
lte[7]=1
lb=29
currentRow is 29
row0:	9 8 10 8 0 5 0 0 
row1:	9 8 4 3 8 5 3 0 
row2:	5 5 0 5 4 0 0 1 
row3:	4 3 5 0 3 5 0 0 
row4:	9 8 9 6 0 5 3 0 
row5:	9 8 0 10 7 5 0 1 
row6:	9 8 6 1 8 5 3 0 
row7:	9 8 8 10 0 5 0 0 
row8:	5 5 0 1 5 3 0 1 
row9:	4 3 5 0 3 2 3 0 
row10:	9 8 9 2 7 5 0 0 
row11:	9 8 0 9 5 5 3 1 
row12:	9 8 10 8 0 5 0 0 
row13:	9 8 2 3 10 5 3 0 
row14:	5 5 2 5 2 0 0 1 
row15:	4 3 5 3 0 5 0 0 
row16:	9 8 9 3 3 5 3 0 
row17:	9 8 0 7 10 5 0 1 
row18:	9 8 10 4 1 5 3 0 
row19:	9 8 4 10 4 5 0 0 
row20:	5 5 0 1 5 3 0 1 
row21:	4 3 3 0 5 2 3 0 
row22:	9 8 10 8 0 5 0 0 
row23:	9 8 1 3 10 5 3 1 
row24:	9 8 10 3 5 5 0 0 
row25:	9 8 4 8 3 5 3 0 
row26:	5 5 0 5 4 0 0 1 
row27:	4 3 5 3 0 5 0 0 
row28:	9 8 4 3 8 5 3 0 
row29:	9 8 5 10 2 5 0 1 
rbegin=250, rend=260
tnum=8
lte[0]=9
lte[1]=8
lte[2]=0
lte[3]=1
lte[4]=3
lte[5]=5
lte[6]=3
lte[7]=0
lb=29
currentRow is 30
row0:	9 8 10 8 0 5 0 0 
row1:	9 8 4 3 8 5 3 0 
row2:	5 5 0 5 4 0 0 1 
row3:	4 3 5 0 3 5 0 0 
row4:	9 8 9 6 0 5 3 0 
row5:	9 8 0 10 7 5 0 1 
row6:	9 8 6 1 8 5 3 0 
row7:	9 8 8 10 0 5 0 0 
row8:	5 5 0 1 5 3 0 1 
row9:	4 3 5 0 3 2 3 0 
row10:	9 8 9 2 7 5 0 0 
row11:	9 8 0 9 5 5 3 1 
row12:	9 8 10 8 0 5 0 0 
row13:	9 8 2 3 10 5 3 0 
row14:	5 5 2 5 2 0 0 1 
row15:	4 3 5 3 0 5 0 0 
row16:	9 8 9 3 3 5 3 0 
row17:	9 8 0 7 10 5 0 1 
row18:	9 8 10 4 1 5 3 0 
row19:	9 8 4 10 4 5 0 0 
row20:	5 5 0 1 5 3 0 1 
row21:	4 3 3 0 5 2 3 0 
row22:	9 8 10 8 0 5 0 0 
row23:	9 8 1 3 10 5 3 1 
row24:	9 8 10 3 5 5 0 0 
row25:	9 8 4 8 3 5 3 0 
row26:	5 5 0 5 4 0 0 1 
row27:	4 3 5 3 0 5 0 0 
row28:	9 8 4 3 8 5 3 0 
row29:	9 8 5 10 2 5 0 1 
row30:	9 8 10 1 4 5 3 0 
rbegin=260, rend=270
tnum=8
lte[0]=9
lte[1]=8
lte[2]=0
lte[3]=1
lte[4]=9
lte[5]=5
lte[6]=0
lte[7]=0
lb=32
currentRow is 31
row0:	9 8 10 8 0 5 0 0 
row1:	9 8 4 3 8 5 3 0 
row2:	5 5 0 5 4 0 0 1 
row3:	4 3 5 0 3 5 0 0 
row4:	9 8 9 6 0 5 3 0 
row5:	9 8 0 10 7 5 0 1 
row6:	9 8 6 1 8 5 3 0 
row7:	9 8 8 10 0 5 0 0 
row8:	5 5 0 1 5 3 0 1 
row9:	4 3 5 0 3 2 3 0 
row10:	9 8 9 2 7 5 0 0 
row11:	9 8 0 9 5 5 3 1 
row12:	9 8 10 8 0 5 0 0 
row13:	9 8 2 3 10 5 3 0 
row14:	5 5 2 5 2 0 0 1 
row15:	4 3 5 3 0 5 0 0 
row16:	9 8 9 3 3 5 3 0 
row17:	9 8 0 7 10 5 0 1 
row18:	9 8 10 4 1 5 3 0 
row19:	9 8 4 10 4 5 0 0 
row20:	5 5 0 1 5 3 0 1 
row21:	4 3 3 0 5 2 3 0 
row22:	9 8 10 8 0 5 0 0 
row23:	9 8 1 3 10 5 3 1 
row24:	9 8 10 3 5 5 0 0 
row25:	9 8 4 8 3 5 3 0 
row26:	5 5 0 5 4 0 0 1 
row27:	4 3 5 3 0 5 0 0 
row28:	9 8 4 3 8 5 3 0 
row29:	9 8 5 10 2 5 0 1 
row30:	9 8 10 1 4 5 3 0 
row31:	9 8 4 5 9 5 0 0 
rbegin=270, rend=275
tnum=8
lte[0]=4
lte[1]=3
lte[2]=0
lte[3]=1
lte[4]=0
lte[5]=0
lte[6]=0
lte[7]=1
lb=9
currentRow is 32
row0:	9 8 10 8 0 5 0 0 
row1:	9 8 4 3 8 5 3 0 
row2:	5 5 0 5 4 0 0 1 
row3:	4 3 5 0 3 5 0 0 
row4:	9 8 9 6 0 5 3 0 
row5:	9 8 0 10 7 5 0 1 
row6:	9 8 6 1 8 5 3 0 
row7:	9 8 8 10 0 5 0 0 
row8:	5 5 0 1 5 3 0 1 
row9:	4 3 5 0 3 2 3 0 
row10:	9 8 9 2 7 5 0 0 
row11:	9 8 0 9 5 5 3 1 
row12:	9 8 10 8 0 5 0 0 
row13:	9 8 2 3 10 5 3 0 
row14:	5 5 2 5 2 0 0 1 
row15:	4 3 5 3 0 5 0 0 
row16:	9 8 9 3 3 5 3 0 
row17:	9 8 0 7 10 5 0 1 
row18:	9 8 10 4 1 5 3 0 
row19:	9 8 4 10 4 5 0 0 
row20:	5 5 0 1 5 3 0 1 
row21:	4 3 3 0 5 2 3 0 
row22:	9 8 10 8 0 5 0 0 
row23:	9 8 1 3 10 5 3 1 
row24:	9 8 10 3 5 5 0 0 
row25:	9 8 4 8 3 5 3 0 
row26:	5 5 0 5 4 0 0 1 
row27:	4 3 5 3 0 5 0 0 
row28:	9 8 4 3 8 5 3 0 
row29:	9 8 5 10 2 5 0 1 
row30:	9 8 10 1 4 5 3 0 
row31:	9 8 4 5 9 5 0 0 
row32:	5 5 0 5 4 0 0 1 
rbegin=275, rend=280
tnum=8
lte[0]=4
lte[1]=3
lte[2]=0
lte[3]=1
lte[4]=0
lte[5]=5
lte[6]=3
lte[7]=0
lb=16
currentRow is 33
row0:	9 8 10 8 0 5 0 0 
row1:	9 8 4 3 8 5 3 0 
row2:	5 5 0 5 4 0 0 1 
row3:	4 3 5 0 3 5 0 0 
row4:	9 8 9 6 0 5 3 0 
row5:	9 8 0 10 7 5 0 1 
row6:	9 8 6 1 8 5 3 0 
row7:	9 8 8 10 0 5 0 0 
row8:	5 5 0 1 5 3 0 1 
row9:	4 3 5 0 3 2 3 0 
row10:	9 8 9 2 7 5 0 0 
row11:	9 8 0 9 5 5 3 1 
row12:	9 8 10 8 0 5 0 0 
row13:	9 8 2 3 10 5 3 0 
row14:	5 5 2 5 2 0 0 1 
row15:	4 3 5 3 0 5 0 0 
row16:	9 8 9 3 3 5 3 0 
row17:	9 8 0 7 10 5 0 1 
row18:	9 8 10 4 1 5 3 0 
row19:	9 8 4 10 4 5 0 0 
row20:	5 5 0 1 5 3 0 1 
row21:	4 3 3 0 5 2 3 0 
row22:	9 8 10 8 0 5 0 0 
row23:	9 8 1 3 10 5 3 1 
row24:	9 8 10 3 5 5 0 0 
row25:	9 8 4 8 3 5 3 0 
row26:	5 5 0 5 4 0 0 1 
row27:	4 3 5 3 0 5 0 0 
row28:	9 8 4 3 8 5 3 0 
row29:	9 8 5 10 2 5 0 1 
row30:	9 8 10 1 4 5 3 0 
row31:	9 8 4 5 9 5 0 0 
row32:	5 5 0 5 4 0 0 1 
row33:	4 3 4 1 0 5 3 0 
rbegin=280, rend=290
tnum=8
lte[0]=9
lte[1]=8
lte[2]=0
lte[3]=1
lte[4]=1
lte[5]=5
lte[6]=0
lte[7]=0
lb=24
currentRow is 34
row0:	9 8 10 8 0 5 0 0 
row1:	9 8 4 3 8 5 3 0 
row2:	5 5 0 5 4 0 0 1 
row3:	4 3 5 0 3 5 0 0 
row4:	9 8 9 6 0 5 3 0 
row5:	9 8 0 10 7 5 0 1 
row6:	9 8 6 1 8 5 3 0 
row7:	9 8 8 10 0 5 0 0 
row8:	5 5 0 1 5 3 0 1 
row9:	4 3 5 0 3 2 3 0 
row10:	9 8 9 2 7 5 0 0 
row11:	9 8 0 9 5 5 3 1 
row12:	9 8 10 8 0 5 0 0 
row13:	9 8 2 3 10 5 3 0 
row14:	5 5 2 5 2 0 0 1 
row15:	4 3 5 3 0 5 0 0 
row16:	9 8 9 3 3 5 3 0 
row17:	9 8 0 7 10 5 0 1 
row18:	9 8 10 4 1 5 3 0 
row19:	9 8 4 10 4 5 0 0 
row20:	5 5 0 1 5 3 0 1 
row21:	4 3 3 0 5 2 3 0 
row22:	9 8 10 8 0 5 0 0 
row23:	9 8 1 3 10 5 3 1 
row24:	9 8 10 3 5 5 0 0 
row25:	9 8 4 8 3 5 3 0 
row26:	5 5 0 5 4 0 0 1 
row27:	4 3 5 3 0 5 0 0 
row28:	9 8 4 3 8 5 3 0 
row29:	9 8 5 10 2 5 0 1 
row30:	9 8 10 1 4 5 3 0 
row31:	9 8 4 5 9 5 0 0 
row32:	5 5 0 5 4 0 0 1 
row33:	4 3 4 1 0 5 3 0 
row34:	9 8 10 7 1 5 0 0 
rbegin=290, rend=300
tnum=8
lte[0]=9
lte[1]=8
lte[2]=0
lte[3]=4
lte[4]=10
lte[5]=5
lte[6]=3
lte[7]=1
lb=40
currentRow is 35
row0:	9 8 10 8 0 5 0 0 
row1:	9 8 4 3 8 5 3 0 
row2:	5 5 0 5 4 0 0 1 
row3:	4 3 5 0 3 5 0 0 
row4:	9 8 9 6 0 5 3 0 
row5:	9 8 0 10 7 5 0 1 
row6:	9 8 6 1 8 5 3 0 
row7:	9 8 8 10 0 5 0 0 
row8:	5 5 0 1 5 3 0 1 
row9:	4 3 5 0 3 2 3 0 
row10:	9 8 9 2 7 5 0 0 
row11:	9 8 0 9 5 5 3 1 
row12:	9 8 10 8 0 5 0 0 
row13:	9 8 2 3 10 5 3 0 
row14:	5 5 2 5 2 0 0 1 
row15:	4 3 5 3 0 5 0 0 
row16:	9 8 9 3 3 5 3 0 
row17:	9 8 0 7 10 5 0 1 
row18:	9 8 10 4 1 5 3 0 
row19:	9 8 4 10 4 5 0 0 
row20:	5 5 0 1 5 3 0 1 
row21:	4 3 3 0 5 2 3 0 
row22:	9 8 10 8 0 5 0 0 
row23:	9 8 1 3 10 5 3 1 
row24:	9 8 10 3 5 5 0 0 
row25:	9 8 4 8 3 5 3 0 
row26:	5 5 0 5 4 0 0 1 
row27:	4 3 5 3 0 5 0 0 
row28:	9 8 4 3 8 5 3 0 
row29:	9 8 5 10 2 5 0 1 
row30:	9 8 10 1 4 5 3 0 
row31:	9 8 4 5 9 5 0 0 
row32:	5 5 0 5 4 0 0 1 
row33:	4 3 4 1 0 5 3 0 
row34:	9 8 10 7 1 5 0 0 
row35:	9 8 0 4 10 5 3 1 
