laxity[0]=6
laxity[1]=8
laxity[2]=5
laxity[3]=4
laxity[4]=5
laxity[5]=5
laxity[6]=17
laxity[7]=137
rbegin=0, rend=10
tnum=8
lte[0]=4
lte[1]=2
lte[2]=5
lte[3]=6
lte[4]=5
lte[5]=5
lte[6]=0
lte[7]=0
lb=27
currentRow is 0
row0:	10 9 5 6 5 5 0 0 
rbegin=10, rend=20
tnum=8
lte[0]=4
lte[1]=3
lte[2]=5
lte[3]=6
lte[4]=5
lte[5]=5
lte[6]=3
lte[7]=0
lb=31
currentRow is 1
row0:	10 9 5 6 5 5 0 0 
row1:	4 8 5 6 5 5 7 0 
rbegin=20, rend=25
tnum=8
lte[0]=0
lte[1]=0
lte[2]=0
lte[3]=1
lte[4]=0
lte[5]=0
lte[6]=1
lte[7]=0
lb=2
currentRow is 2
row0:	10 9 5 6 5 5 0 0 
row1:	4 8 5 6 5 5 7 0 
row2:	5 0 5 5 4 0 1 0 
rbegin=25, rend=30
tnum=8
lte[0]=0
lte[1]=0
lte[2]=0
lte[3]=1
lte[4]=1
lte[5]=5
lte[6]=5
lte[7]=0
lb=12
currentRow is 3
row0:	10 9 5 6 5 5 0 0 
row1:	4 8 5 6 5 5 7 0 
row2:	5 0 5 5 4 0 1 0 
row3:	5 3 0 1 1 5 5 0 
rbegin=30, rend=40
tnum=8
lte[0]=4
lte[1]=4
lte[2]=5
lte[3]=6
lte[4]=5
lte[5]=5
lte[6]=0
lte[7]=0
lb=29
currentRow is 4
row0:	10 9 5 6 5 5 0 0 
row1:	4 8 5 6 5 5 7 0 
row2:	5 0 5 5 4 0 1 0 
row3:	5 3 0 1 1 5 5 0 
row4:	4 10 5 6 5 5 5 0 
rbegin=40, rend=50
tnum=8
lte[0]=4
lte[1]=4
lte[2]=5
lte[3]=6
lte[4]=5
lte[5]=5
lte[6]=0
lte[7]=0
lb=29
currentRow is 5
row0:	10 9 5 6 5 5 0 0 
row1:	4 8 5 6 5 5 7 0 
row2:	5 0 5 5 4 0 1 0 
row3:	5 3 0 1 1 5 5 0 
row4:	4 10 5 6 5 5 5 0 
row5:	10 4 5 6 5 5 5 0 
rbegin=50, rend=60
tnum=8
lte[0]=4
lte[1]=2
lte[2]=5
lte[3]=6
lte[4]=5
lte[5]=5
lte[6]=3
lte[7]=0
lb=30
currentRow is 6
row0:	10 9 5 6 5 5 0 0 
row1:	4 8 5 6 5 5 7 0 
row2:	5 0 5 5 4 0 1 0 
row3:	5 3 0 1 1 5 5 0 
row4:	4 10 5 6 5 5 5 0 
row5:	10 4 5 6 5 5 5 0 
row6:	4 10 5 6 5 5 3 2 
rbegin=60, rend=70
tnum=8
lte[0]=4
lte[1]=2
lte[2]=5
lte[3]=6
lte[4]=5
lte[5]=5
lte[6]=0
lte[7]=0
lb=27
currentRow is 7
row0:	10 9 5 6 5 5 0 0 
row1:	4 8 5 6 5 5 7 0 
row2:	5 0 5 5 4 0 1 0 
row3:	5 3 0 1 1 5 5 0 
row4:	4 10 5 6 5 5 5 0 
row5:	10 4 5 6 5 5 5 0 
row6:	4 10 5 6 5 5 3 2 
row7:	10 7 5 6 5 5 2 0 
rbegin=70, rend=75
tnum=8
lte[0]=0
lte[1]=0
lte[2]=0
lte[3]=1
lte[4]=0
lte[5]=0
lte[6]=0
lte[7]=0
lb=1
currentRow is 8
row0:	10 9 5 6 5 5 0 0 
row1:	4 8 5 6 5 5 7 0 
row2:	5 0 5 5 4 0 1 0 
row3:	5 3 0 1 1 5 5 0 
row4:	4 10 5 6 5 5 5 0 
row5:	10 4 5 6 5 5 5 0 
row6:	4 10 5 6 5 5 3 2 
row7:	10 7 5 6 5 5 2 0 
row8:	4 0 5 5 5 1 0 0 
rbegin=75, rend=80
tnum=8
lte[0]=0
lte[1]=0
lte[2]=0
lte[3]=1
lte[4]=0
lte[5]=4
lte[6]=1
lte[7]=0
lb=6
currentRow is 9
row0:	10 9 5 6 5 5 0 0 
row1:	4 8 5 6 5 5 7 0 
row2:	5 0 5 5 4 0 1 0 
row3:	5 3 0 1 1 5 5 0 
row4:	4 10 5 6 5 5 5 0 
row5:	10 4 5 6 5 5 5 0 
row6:	4 10 5 6 5 5 3 2 
row7:	10 7 5 6 5 5 2 0 
row8:	4 0 5 5 5 1 0 0 
row9:	0 5 0 1 0 4 5 5 
rbegin=80, rend=90
tnum=8
lte[0]=4
lte[1]=2
lte[2]=5
lte[3]=6
lte[4]=5
lte[5]=5
lte[6]=6
lte[7]=0
lb=33
currentRow is 10
row0:	10 9 5 6 5 5 0 0 
row1:	4 8 5 6 5 5 7 0 
row2:	5 0 5 5 4 0 1 0 
row3:	5 3 0 1 1 5 5 0 
row4:	4 10 5 6 5 5 5 0 
row5:	10 4 5 6 5 5 5 0 
row6:	4 10 5 6 5 5 3 2 
row7:	10 7 5 6 5 5 2 0 
row8:	4 0 5 5 5 1 0 0 
row9:	0 5 0 1 0 4 5 5 
row10:	10 3 5 6 5 5 6 0 
rbegin=90, rend=100
tnum=8
lte[0]=4
lte[1]=9
lte[2]=5
lte[3]=6
lte[4]=5
lte[5]=5
lte[6]=0
lte[7]=0
lb=34
currentRow is 11
row0:	10 9 5 6 5 5 0 0 
row1:	4 8 5 6 5 5 7 0 
row2:	5 0 5 5 4 0 1 0 
row3:	5 3 0 1 1 5 5 0 
row4:	4 10 5 6 5 5 5 0 
row5:	10 4 5 6 5 5 5 0 
row6:	4 10 5 6 5 5 3 2 
row7:	10 7 5 6 5 5 2 0 
row8:	4 0 5 5 5 1 0 0 
row9:	0 5 0 1 0 4 5 5 
row10:	10 3 5 6 5 5 6 0 
row11:	4 9 5 6 5 5 6 0 
rbegin=100, rend=110
tnum=8
lte[0]=4
lte[1]=2
lte[2]=5
lte[3]=6
lte[4]=5
lte[5]=5
lte[6]=0
lte[7]=0
lb=27
currentRow is 12
row0:	10 9 5 6 5 5 0 0 
row1:	4 8 5 6 5 5 7 0 
row2:	5 0 5 5 4 0 1 0 
row3:	5 3 0 1 1 5 5 0 
row4:	4 10 5 6 5 5 5 0 
row5:	10 4 5 6 5 5 5 0 
row6:	4 10 5 6 5 5 3 2 
row7:	10 7 5 6 5 5 2 0 
row8:	4 0 5 5 5 1 0 0 
row9:	0 5 0 1 0 4 5 5 
row10:	10 3 5 6 5 5 6 0 
row11:	4 9 5 6 5 5 6 0 
row12:	10 9 5 6 5 5 0 0 
rbegin=110, rend=120
tnum=8
lte[0]=4
lte[1]=3
lte[2]=5
lte[3]=6
lte[4]=5
lte[5]=5
lte[6]=7
lte[7]=0
lb=35
currentRow is 13
row0:	10 9 5 6 5 5 0 0 
row1:	4 8 5 6 5 5 7 0 
row2:	5 0 5 5 4 0 1 0 
row3:	5 3 0 1 1 5 5 0 
row4:	4 10 5 6 5 5 5 0 
row5:	10 4 5 6 5 5 5 0 
row6:	4 10 5 6 5 5 3 2 
row7:	10 7 5 6 5 5 2 0 
row8:	4 0 5 5 5 1 0 0 
row9:	0 5 0 1 0 4 5 5 
row10:	10 3 5 6 5 5 6 0 
row11:	4 9 5 6 5 5 6 0 
row12:	10 9 5 6 5 5 0 0 
row13:	4 8 5 6 5 5 7 0 
rbegin=120, rend=125
tnum=8
lte[0]=0
lte[1]=0
lte[2]=0
lte[3]=1
lte[4]=0
lte[5]=0
lte[6]=0
lte[7]=0
lb=1
currentRow is 14
row0:	10 9 5 6 5 5 0 0 
row1:	4 8 5 6 5 5 7 0 
row2:	5 0 5 5 4 0 1 0 
row3:	5 3 0 1 1 5 5 0 
row4:	4 10 5 6 5 5 5 0 
row5:	10 4 5 6 5 5 5 0 
row6:	4 10 5 6 5 5 3 2 
row7:	10 7 5 6 5 5 2 0 
row8:	4 0 5 5 5 1 0 0 
row9:	0 5 0 1 0 4 5 5 
row10:	10 3 5 6 5 5 6 0 
row11:	4 9 5 6 5 5 6 0 
row12:	10 9 5 6 5 5 0 0 
row13:	4 8 5 6 5 5 7 0 
row14:	5 0 5 5 5 0 0 0 
rbegin=125, rend=130
tnum=8
lte[0]=0
lte[1]=0
lte[2]=0
lte[3]=1
lte[4]=0
lte[5]=5
lte[6]=0
lte[7]=0
lb=6
currentRow is 15
row0:	10 9 5 6 5 5 0 0 
row1:	4 8 5 6 5 5 7 0 
row2:	5 0 5 5 4 0 1 0 
row3:	5 3 0 1 1 5 5 0 
row4:	4 10 5 6 5 5 5 0 
row5:	10 4 5 6 5 5 5 0 
row6:	4 10 5 6 5 5 3 2 
row7:	10 7 5 6 5 5 2 0 
row8:	4 0 5 5 5 1 0 0 
row9:	0 5 0 1 0 4 5 5 
row10:	10 3 5 6 5 5 6 0 
row11:	4 9 5 6 5 5 6 0 
row12:	10 9 5 6 5 5 0 0 
row13:	4 8 5 6 5 5 7 0 
row14:	5 0 5 5 5 0 0 0 
row15:	5 5 0 1 0 5 4 0 
rbegin=130, rend=140
tnum=8
lte[0]=4
lte[1]=2
lte[2]=5
lte[3]=6
lte[4]=5
lte[5]=5
lte[6]=0
lte[7]=0
lb=27
currentRow is 16
row0:	10 9 5 6 5 5 0 0 
row1:	4 8 5 6 5 5 7 0 
row2:	5 0 5 5 4 0 1 0 
row3:	5 3 0 1 1 5 5 0 
row4:	4 10 5 6 5 5 5 0 
row5:	10 4 5 6 5 5 5 0 
row6:	4 10 5 6 5 5 3 2 
row7:	10 7 5 6 5 5 2 0 
row8:	4 0 5 5 5 1 0 0 
row9:	0 5 0 1 0 4 5 5 
row10:	10 3 5 6 5 5 6 0 
row11:	4 9 5 6 5 5 6 0 
row12:	10 9 5 6 5 5 0 0 
row13:	4 8 5 6 5 5 7 0 
row14:	5 0 5 5 5 0 0 0 
row15:	5 5 0 1 0 5 4 0 
row16:	4 10 5 6 5 5 5 0 
rbegin=140, rend=150
tnum=8
lte[0]=4
lte[1]=2
lte[2]=5
lte[3]=6
lte[4]=5
lte[5]=5
lte[6]=4
lte[7]=6
lb=37
currentRow is 17
row0:	10 9 5 6 5 5 0 0 
row1:	4 8 5 6 5 5 7 0 
row2:	5 0 5 5 4 0 1 0 
row3:	5 3 0 1 1 5 5 0 
row4:	4 10 5 6 5 5 5 0 
row5:	10 4 5 6 5 5 5 0 
row6:	4 10 5 6 5 5 3 2 
row7:	10 7 5 6 5 5 2 0 
row8:	4 0 5 5 5 1 0 0 
row9:	0 5 0 1 0 4 5 5 
row10:	10 3 5 6 5 5 6 0 
row11:	4 9 5 6 5 5 6 0 
row12:	10 9 5 6 5 5 0 0 
row13:	4 8 5 6 5 5 7 0 
row14:	5 0 5 5 5 0 0 0 
row15:	5 5 0 1 0 5 4 0 
row16:	4 10 5 6 5 5 5 0 
row17:	7 2 5 6 5 5 4 6 
rbegin=150, rend=160
tnum=8
lte[0]=7
lte[1]=2
lte[2]=5
lte[3]=6
lte[4]=5
lte[5]=5
lte[6]=0
lte[7]=0
lb=30
currentRow is 18
row0:	10 9 5 6 5 5 0 0 
row1:	4 8 5 6 5 5 7 0 
row2:	5 0 5 5 4 0 1 0 
row3:	5 3 0 1 1 5 5 0 
row4:	4 10 5 6 5 5 5 0 
row5:	10 4 5 6 5 5 5 0 
row6:	4 10 5 6 5 5 3 2 
row7:	10 7 5 6 5 5 2 0 
row8:	4 0 5 5 5 1 0 0 
row9:	0 5 0 1 0 4 5 5 
row10:	10 3 5 6 5 5 6 0 
row11:	4 9 5 6 5 5 6 0 
row12:	10 9 5 6 5 5 0 0 
row13:	4 8 5 6 5 5 7 0 
row14:	5 0 5 5 5 0 0 0 
row15:	5 5 0 1 0 5 4 0 
row16:	4 10 5 6 5 5 5 0 
row17:	7 2 5 6 5 5 4 6 
row18:	7 10 5 6 5 5 2 0 
rbegin=160, rend=170
tnum=8
lte[0]=4
lte[1]=2
lte[2]=5
lte[3]=6
lte[4]=5
lte[5]=5
lte[6]=1
lte[7]=0
lb=28
currentRow is 19
row0:	10 9 5 6 5 5 0 0 
row1:	4 8 5 6 5 5 7 0 
row2:	5 0 5 5 4 0 1 0 
row3:	5 3 0 1 1 5 5 0 
row4:	4 10 5 6 5 5 5 0 
row5:	10 4 5 6 5 5 5 0 
row6:	4 10 5 6 5 5 3 2 
row7:	10 7 5 6 5 5 2 0 
row8:	4 0 5 5 5 1 0 0 
row9:	0 5 0 1 0 4 5 5 
row10:	10 3 5 6 5 5 6 0 
row11:	4 9 5 6 5 5 6 0 
row12:	10 9 5 6 5 5 0 0 
row13:	4 8 5 6 5 5 7 0 
row14:	5 0 5 5 5 0 0 0 
row15:	5 5 0 1 0 5 4 0 
row16:	4 10 5 6 5 5 5 0 
row17:	7 2 5 6 5 5 4 6 
row18:	7 10 5 6 5 5 2 0 
row19:	10 7 5 6 5 5 2 0 
rbegin=170, rend=175
tnum=8
lte[0]=0
lte[1]=0
lte[2]=0
lte[3]=1
lte[4]=0
lte[5]=0
lte[6]=4
lte[7]=0
lb=5
currentRow is 20
row0:	10 9 5 6 5 5 0 0 
row1:	4 8 5 6 5 5 7 0 
row2:	5 0 5 5 4 0 1 0 
row3:	5 3 0 1 1 5 5 0 
row4:	4 10 5 6 5 5 5 0 
row5:	10 4 5 6 5 5 5 0 
row6:	4 10 5 6 5 5 3 2 
row7:	10 7 5 6 5 5 2 0 
row8:	4 0 5 5 5 1 0 0 
row9:	0 5 0 1 0 4 5 5 
row10:	10 3 5 6 5 5 6 0 
row11:	4 9 5 6 5 5 6 0 
row12:	10 9 5 6 5 5 0 0 
row13:	4 8 5 6 5 5 7 0 
row14:	5 0 5 5 5 0 0 0 
row15:	5 5 0 1 0 5 4 0 
row16:	4 10 5 6 5 5 5 0 
row17:	7 2 5 6 5 5 4 6 
row18:	7 10 5 6 5 5 2 0 
row19:	10 7 5 6 5 5 2 0 
row20:	4 0 5 5 2 0 4 0 
rbegin=175, rend=180
tnum=8
lte[0]=0
lte[1]=0
lte[2]=0
lte[3]=1
lte[4]=3
lte[5]=5
lte[6]=5
lte[7]=0
lb=14
currentRow is 21
row0:	10 9 5 6 5 5 0 0 
row1:	4 8 5 6 5 5 7 0 
row2:	5 0 5 5 4 0 1 0 
row3:	5 3 0 1 1 5 5 0 
row4:	4 10 5 6 5 5 5 0 
row5:	10 4 5 6 5 5 5 0 
row6:	4 10 5 6 5 5 3 2 
row7:	10 7 5 6 5 5 2 0 
row8:	4 0 5 5 5 1 0 0 
row9:	0 5 0 1 0 4 5 5 
row10:	10 3 5 6 5 5 6 0 
row11:	4 9 5 6 5 5 6 0 
row12:	10 9 5 6 5 5 0 0 
row13:	4 8 5 6 5 5 7 0 
row14:	5 0 5 5 5 0 0 0 
row15:	5 5 0 1 0 5 4 0 
row16:	4 10 5 6 5 5 5 0 
row17:	7 2 5 6 5 5 4 6 
row18:	7 10 5 6 5 5 2 0 
row19:	10 7 5 6 5 5 2 0 
row20:	4 0 5 5 2 0 4 0 
row21:	0 5 0 1 3 5 5 1 
rbegin=180, rend=190
tnum=8
lte[0]=4
lte[1]=2
lte[2]=5
lte[3]=6
lte[4]=5
lte[5]=5
lte[6]=0
lte[7]=0
lb=27
currentRow is 22
row0:	10 9 5 6 5 5 0 0 
row1:	4 8 5 6 5 5 7 0 
row2:	5 0 5 5 4 0 1 0 
row3:	5 3 0 1 1 5 5 0 
row4:	4 10 5 6 5 5 5 0 
row5:	10 4 5 6 5 5 5 0 
row6:	4 10 5 6 5 5 3 2 
row7:	10 7 5 6 5 5 2 0 
row8:	4 0 5 5 5 1 0 0 
row9:	0 5 0 1 0 4 5 5 
row10:	10 3 5 6 5 5 6 0 
row11:	4 9 5 6 5 5 6 0 
row12:	10 9 5 6 5 5 0 0 
row13:	4 8 5 6 5 5 7 0 
row14:	5 0 5 5 5 0 0 0 
row15:	5 5 0 1 0 5 4 0 
row16:	4 10 5 6 5 5 5 0 
row17:	7 2 5 6 5 5 4 6 
row18:	7 10 5 6 5 5 2 0 
row19:	10 7 5 6 5 5 2 0 
row20:	4 0 5 5 2 0 4 0 
row21:	0 5 0 1 3 5 5 1 
row22:	10 9 5 6 5 5 0 0 
rbegin=190, rend=200
tnum=8
lte[0]=4
lte[1]=3
lte[2]=5
lte[3]=6
lte[4]=5
lte[5]=5
lte[6]=3
lte[7]=0
lb=31
currentRow is 23
row0:	10 9 5 6 5 5 0 0 
row1:	4 8 5 6 5 5 7 0 
row2:	5 0 5 5 4 0 1 0 
row3:	5 3 0 1 1 5 5 0 
row4:	4 10 5 6 5 5 5 0 
row5:	10 4 5 6 5 5 5 0 
row6:	4 10 5 6 5 5 3 2 
row7:	10 7 5 6 5 5 2 0 
row8:	4 0 5 5 5 1 0 0 
row9:	0 5 0 1 0 4 5 5 
row10:	10 3 5 6 5 5 6 0 
row11:	4 9 5 6 5 5 6 0 
row12:	10 9 5 6 5 5 0 0 
row13:	4 8 5 6 5 5 7 0 
row14:	5 0 5 5 5 0 0 0 
row15:	5 5 0 1 0 5 4 0 
row16:	4 10 5 6 5 5 5 0 
row17:	7 2 5 6 5 5 4 6 
row18:	7 10 5 6 5 5 2 0 
row19:	10 7 5 6 5 5 2 0 
row20:	4 0 5 5 2 0 4 0 
row21:	0 5 0 1 3 5 5 1 
row22:	10 9 5 6 5 5 0 0 
row23:	4 3 5 6 5 5 10 2 
rbegin=200, rend=210
tnum=8
lte[0]=4
lte[1]=2
lte[2]=5
lte[3]=6
lte[4]=5
lte[5]=5
lte[6]=3
lte[7]=0
lb=30
currentRow is 24
row0:	10 9 5 6 5 5 0 0 
row1:	4 8 5 6 5 5 7 0 
row2:	5 0 5 5 4 0 1 0 
row3:	5 3 0 1 1 5 5 0 
row4:	4 10 5 6 5 5 5 0 
row5:	10 4 5 6 5 5 5 0 
row6:	4 10 5 6 5 5 3 2 
row7:	10 7 5 6 5 5 2 0 
row8:	4 0 5 5 5 1 0 0 
row9:	0 5 0 1 0 4 5 5 
row10:	10 3 5 6 5 5 6 0 
row11:	4 9 5 6 5 5 6 0 
row12:	10 9 5 6 5 5 0 0 
row13:	4 8 5 6 5 5 7 0 
row14:	5 0 5 5 5 0 0 0 
row15:	5 5 0 1 0 5 4 0 
row16:	4 10 5 6 5 5 5 0 
row17:	7 2 5 6 5 5 4 6 
row18:	7 10 5 6 5 5 2 0 
row19:	10 7 5 6 5 5 2 0 
row20:	4 0 5 5 2 0 4 0 
row21:	0 5 0 1 3 5 5 1 
row22:	10 9 5 6 5 5 0 0 
row23:	4 3 5 6 5 5 10 2 
row24:	10 6 5 6 5 5 3 0 
rbegin=210, rend=220
tnum=8
lte[0]=4
lte[1]=6
lte[2]=5
lte[3]=6
lte[4]=5
lte[5]=5
lte[6]=0
lte[7]=0
lb=31
currentRow is 25
row0:	10 9 5 6 5 5 0 0 
row1:	4 8 5 6 5 5 7 0 
row2:	5 0 5 5 4 0 1 0 
row3:	5 3 0 1 1 5 5 0 
row4:	4 10 5 6 5 5 5 0 
row5:	10 4 5 6 5 5 5 0 
row6:	4 10 5 6 5 5 3 2 
row7:	10 7 5 6 5 5 2 0 
row8:	4 0 5 5 5 1 0 0 
row9:	0 5 0 1 0 4 5 5 
row10:	10 3 5 6 5 5 6 0 
row11:	4 9 5 6 5 5 6 0 
row12:	10 9 5 6 5 5 0 0 
row13:	4 8 5 6 5 5 7 0 
row14:	5 0 5 5 5 0 0 0 
row15:	5 5 0 1 0 5 4 0 
row16:	4 10 5 6 5 5 5 0 
row17:	7 2 5 6 5 5 4 6 
row18:	7 10 5 6 5 5 2 0 
row19:	10 7 5 6 5 5 2 0 
row20:	4 0 5 5 2 0 4 0 
row21:	0 5 0 1 3 5 5 1 
row22:	10 9 5 6 5 5 0 0 
row23:	4 3 5 6 5 5 10 2 
row24:	10 6 5 6 5 5 3 0 
row25:	4 10 5 6 5 5 5 0 
rbegin=220, rend=225
tnum=8
lte[0]=0
lte[1]=1
lte[2]=0
lte[3]=1
lte[4]=0
lte[5]=0
lte[6]=0
lte[7]=0
lb=2
currentRow is 26
row0:	10 9 5 6 5 5 0 0 
row1:	4 8 5 6 5 5 7 0 
row2:	5 0 5 5 4 0 1 0 
row3:	5 3 0 1 1 5 5 0 
row4:	4 10 5 6 5 5 5 0 
row5:	10 4 5 6 5 5 5 0 
row6:	4 10 5 6 5 5 3 2 
row7:	10 7 5 6 5 5 2 0 
row8:	4 0 5 5 5 1 0 0 
row9:	0 5 0 1 0 4 5 5 
row10:	10 3 5 6 5 5 6 0 
row11:	4 9 5 6 5 5 6 0 
row12:	10 9 5 6 5 5 0 0 
row13:	4 8 5 6 5 5 7 0 
row14:	5 0 5 5 5 0 0 0 
row15:	5 5 0 1 0 5 4 0 
row16:	4 10 5 6 5 5 5 0 
row17:	7 2 5 6 5 5 4 6 
row18:	7 10 5 6 5 5 2 0 
row19:	10 7 5 6 5 5 2 0 
row20:	4 0 5 5 2 0 4 0 
row21:	0 5 0 1 3 5 5 1 
row22:	10 9 5 6 5 5 0 0 
row23:	4 3 5 6 5 5 10 2 
row24:	10 6 5 6 5 5 3 0 
row25:	4 10 5 6 5 5 5 0 
row26:	5 1 5 5 4 0 0 0 
rbegin=225, rend=230
tnum=8
lte[0]=0
lte[1]=0
lte[2]=0
lte[3]=1
lte[4]=1
lte[5]=5
lte[6]=0
lte[7]=0
lb=7
currentRow is 27
row0:	10 9 5 6 5 5 0 0 
row1:	4 8 5 6 5 5 7 0 
row2:	5 0 5 5 4 0 1 0 
row3:	5 3 0 1 1 5 5 0 
row4:	4 10 5 6 5 5 5 0 
row5:	10 4 5 6 5 5 5 0 
row6:	4 10 5 6 5 5 3 2 
row7:	10 7 5 6 5 5 2 0 
row8:	4 0 5 5 5 1 0 0 
row9:	0 5 0 1 0 4 5 5 
row10:	10 3 5 6 5 5 6 0 
row11:	4 9 5 6 5 5 6 0 
row12:	10 9 5 6 5 5 0 0 
row13:	4 8 5 6 5 5 7 0 
row14:	5 0 5 5 5 0 0 0 
row15:	5 5 0 1 0 5 4 0 
row16:	4 10 5 6 5 5 5 0 
row17:	7 2 5 6 5 5 4 6 
row18:	7 10 5 6 5 5 2 0 
row19:	10 7 5 6 5 5 2 0 
row20:	4 0 5 5 2 0 4 0 
row21:	0 5 0 1 3 5 5 1 
row22:	10 9 5 6 5 5 0 0 
row23:	4 3 5 6 5 5 10 2 
row24:	10 6 5 6 5 5 3 0 
row25:	4 10 5 6 5 5 5 0 
row26:	5 1 5 5 4 0 0 0 
row27:	5 5 0 1 1 5 3 0 
rbegin=230, rend=240
tnum=8
lte[0]=4
lte[1]=2
lte[2]=5
lte[3]=6
lte[4]=5
lte[5]=5
lte[6]=5
lte[7]=0
lb=32
currentRow is 28
row0:	10 9 5 6 5 5 0 0 
row1:	4 8 5 6 5 5 7 0 
row2:	5 0 5 5 4 0 1 0 
row3:	5 3 0 1 1 5 5 0 
row4:	4 10 5 6 5 5 5 0 
row5:	10 4 5 6 5 5 5 0 
row6:	4 10 5 6 5 5 3 2 
row7:	10 7 5 6 5 5 2 0 
row8:	4 0 5 5 5 1 0 0 
row9:	0 5 0 1 0 4 5 5 
row10:	10 3 5 6 5 5 6 0 
row11:	4 9 5 6 5 5 6 0 
row12:	10 9 5 6 5 5 0 0 
row13:	4 8 5 6 5 5 7 0 
row14:	5 0 5 5 5 0 0 0 
row15:	5 5 0 1 0 5 4 0 
row16:	4 10 5 6 5 5 5 0 
row17:	7 2 5 6 5 5 4 6 
row18:	7 10 5 6 5 5 2 0 
row19:	10 7 5 6 5 5 2 0 
row20:	4 0 5 5 2 0 4 0 
row21:	0 5 0 1 3 5 5 1 
row22:	10 9 5 6 5 5 0 0 
row23:	4 3 5 6 5 5 10 2 
row24:	10 6 5 6 5 5 3 0 
row25:	4 10 5 6 5 5 5 0 
row26:	5 1 5 5 4 0 0 0 
row27:	5 5 0 1 1 5 3 0 
row28:	4 10 5 6 5 5 5 0 
rbegin=240, rend=250
tnum=8
lte[0]=4
lte[1]=2
lte[2]=5
lte[3]=6
lte[4]=5
lte[5]=5
lte[6]=0
lte[7]=0
lb=27
currentRow is 29
row0:	10 9 5 6 5 5 0 0 
row1:	4 8 5 6 5 5 7 0 
row2:	5 0 5 5 4 0 1 0 
row3:	5 3 0 1 1 5 5 0 
row4:	4 10 5 6 5 5 5 0 
row5:	10 4 5 6 5 5 5 0 
row6:	4 10 5 6 5 5 3 2 
row7:	10 7 5 6 5 5 2 0 
row8:	4 0 5 5 5 1 0 0 
row9:	0 5 0 1 0 4 5 5 
row10:	10 3 5 6 5 5 6 0 
row11:	4 9 5 6 5 5 6 0 
row12:	10 9 5 6 5 5 0 0 
row13:	4 8 5 6 5 5 7 0 
row14:	5 0 5 5 5 0 0 0 
row15:	5 5 0 1 0 5 4 0 
row16:	4 10 5 6 5 5 5 0 
row17:	7 2 5 6 5 5 4 6 
row18:	7 10 5 6 5 5 2 0 
row19:	10 7 5 6 5 5 2 0 
row20:	4 0 5 5 2 0 4 0 
row21:	0 5 0 1 3 5 5 1 
row22:	10 9 5 6 5 5 0 0 
row23:	4 3 5 6 5 5 10 2 
row24:	10 6 5 6 5 5 3 0 
row25:	4 10 5 6 5 5 5 0 
row26:	5 1 5 5 4 0 0 0 
row27:	5 5 0 1 1 5 3 0 
row28:	4 10 5 6 5 5 5 0 
row29:	10 2 5 6 5 5 7 0 
rbegin=250, rend=260
tnum=8
lte[0]=4
lte[1]=2
lte[2]=5
lte[3]=6
lte[4]=5
lte[5]=5
lte[6]=0
lte[7]=0
lb=27
currentRow is 30
row0:	10 9 5 6 5 5 0 0 
row1:	4 8 5 6 5 5 7 0 
row2:	5 0 5 5 4 0 1 0 
row3:	5 3 0 1 1 5 5 0 
row4:	4 10 5 6 5 5 5 0 
row5:	10 4 5 6 5 5 5 0 
row6:	4 10 5 6 5 5 3 2 
row7:	10 7 5 6 5 5 2 0 
row8:	4 0 5 5 5 1 0 0 
row9:	0 5 0 1 0 4 5 5 
row10:	10 3 5 6 5 5 6 0 
row11:	4 9 5 6 5 5 6 0 
row12:	10 9 5 6 5 5 0 0 
row13:	4 8 5 6 5 5 7 0 
row14:	5 0 5 5 5 0 0 0 
row15:	5 5 0 1 0 5 4 0 
row16:	4 10 5 6 5 5 5 0 
row17:	7 2 5 6 5 5 4 6 
row18:	7 10 5 6 5 5 2 0 
row19:	10 7 5 6 5 5 2 0 
row20:	4 0 5 5 2 0 4 0 
row21:	0 5 0 1 3 5 5 1 
row22:	10 9 5 6 5 5 0 0 
row23:	4 3 5 6 5 5 10 2 
row24:	10 6 5 6 5 5 3 0 
row25:	4 10 5 6 5 5 5 0 
row26:	5 1 5 5 4 0 0 0 
row27:	5 5 0 1 1 5 3 0 
row28:	4 10 5 6 5 5 5 0 
row29:	10 2 5 6 5 5 7 0 
row30:	4 10 5 6 5 5 5 0 
rbegin=260, rend=270
tnum=8
lte[0]=4
lte[1]=2
lte[2]=5
lte[3]=6
lte[4]=5
lte[5]=5
lte[6]=1
lte[7]=0
lb=28
currentRow is 31
row0:	10 9 5 6 5 5 0 0 
row1:	4 8 5 6 5 5 7 0 
row2:	5 0 5 5 4 0 1 0 
row3:	5 3 0 1 1 5 5 0 
row4:	4 10 5 6 5 5 5 0 
row5:	10 4 5 6 5 5 5 0 
row6:	4 10 5 6 5 5 3 2 
row7:	10 7 5 6 5 5 2 0 
row8:	4 0 5 5 5 1 0 0 
row9:	0 5 0 1 0 4 5 5 
row10:	10 3 5 6 5 5 6 0 
row11:	4 9 5 6 5 5 6 0 
row12:	10 9 5 6 5 5 0 0 
row13:	4 8 5 6 5 5 7 0 
row14:	5 0 5 5 5 0 0 0 
row15:	5 5 0 1 0 5 4 0 
row16:	4 10 5 6 5 5 5 0 
row17:	7 2 5 6 5 5 4 6 
row18:	7 10 5 6 5 5 2 0 
row19:	10 7 5 6 5 5 2 0 
row20:	4 0 5 5 2 0 4 0 
row21:	0 5 0 1 3 5 5 1 
row22:	10 9 5 6 5 5 0 0 
row23:	4 3 5 6 5 5 10 2 
row24:	10 6 5 6 5 5 3 0 
row25:	4 10 5 6 5 5 5 0 
row26:	5 1 5 5 4 0 0 0 
row27:	5 5 0 1 1 5 3 0 
row28:	4 10 5 6 5 5 5 0 
row29:	10 2 5 6 5 5 7 0 
row30:	4 10 5 6 5 5 5 0 
row31:	10 7 5 6 5 5 1 1 
rbegin=270, rend=275
tnum=8
lte[0]=0
lte[1]=0
lte[2]=0
lte[3]=1
lte[4]=0
lte[5]=0
lte[6]=0
lte[7]=0
lb=1
currentRow is 32
row0:	10 9 5 6 5 5 0 0 
row1:	4 8 5 6 5 5 7 0 
row2:	5 0 5 5 4 0 1 0 
row3:	5 3 0 1 1 5 5 0 
row4:	4 10 5 6 5 5 5 0 
row5:	10 4 5 6 5 5 5 0 
row6:	4 10 5 6 5 5 3 2 
row7:	10 7 5 6 5 5 2 0 
row8:	4 0 5 5 5 1 0 0 
row9:	0 5 0 1 0 4 5 5 
row10:	10 3 5 6 5 5 6 0 
row11:	4 9 5 6 5 5 6 0 
row12:	10 9 5 6 5 5 0 0 
row13:	4 8 5 6 5 5 7 0 
row14:	5 0 5 5 5 0 0 0 
row15:	5 5 0 1 0 5 4 0 
row16:	4 10 5 6 5 5 5 0 
row17:	7 2 5 6 5 5 4 6 
row18:	7 10 5 6 5 5 2 0 
row19:	10 7 5 6 5 5 2 0 
row20:	4 0 5 5 2 0 4 0 
row21:	0 5 0 1 3 5 5 1 
row22:	10 9 5 6 5 5 0 0 
row23:	4 3 5 6 5 5 10 2 
row24:	10 6 5 6 5 5 3 0 
row25:	4 10 5 6 5 5 5 0 
row26:	5 1 5 5 4 0 0 0 
row27:	5 5 0 1 1 5 3 0 
row28:	4 10 5 6 5 5 5 0 
row29:	10 2 5 6 5 5 7 0 
row30:	4 10 5 6 5 5 5 0 
row31:	10 7 5 6 5 5 1 1 
row32:	4 0 5 5 5 1 0 0 
rbegin=275, rend=280
tnum=8
lte[0]=0
lte[1]=0
lte[2]=0
lte[3]=1
lte[4]=0
lte[5]=4
lte[6]=0
lte[7]=0
lb=5
currentRow is 33
row0:	10 9 5 6 5 5 0 0 
row1:	4 8 5 6 5 5 7 0 
row2:	5 0 5 5 4 0 1 0 
row3:	5 3 0 1 1 5 5 0 
row4:	4 10 5 6 5 5 5 0 
row5:	10 4 5 6 5 5 5 0 
row6:	4 10 5 6 5 5 3 2 
row7:	10 7 5 6 5 5 2 0 
row8:	4 0 5 5 5 1 0 0 
row9:	0 5 0 1 0 4 5 5 
row10:	10 3 5 6 5 5 6 0 
row11:	4 9 5 6 5 5 6 0 
row12:	10 9 5 6 5 5 0 0 
row13:	4 8 5 6 5 5 7 0 
row14:	5 0 5 5 5 0 0 0 
row15:	5 5 0 1 0 5 4 0 
row16:	4 10 5 6 5 5 5 0 
row17:	7 2 5 6 5 5 4 6 
row18:	7 10 5 6 5 5 2 0 
row19:	10 7 5 6 5 5 2 0 
row20:	4 0 5 5 2 0 4 0 
row21:	0 5 0 1 3 5 5 1 
row22:	10 9 5 6 5 5 0 0 
row23:	4 3 5 6 5 5 10 2 
row24:	10 6 5 6 5 5 3 0 
row25:	4 10 5 6 5 5 5 0 
row26:	5 1 5 5 4 0 0 0 
row27:	5 5 0 1 1 5 3 0 
row28:	4 10 5 6 5 5 5 0 
row29:	10 2 5 6 5 5 7 0 
row30:	4 10 5 6 5 5 5 0 
row31:	10 7 5 6 5 5 1 1 
row32:	4 0 5 5 5 1 0 0 
row33:	0 5 0 1 0 4 5 5 
rbegin=280, rend=290
tnum=8
lte[0]=4
lte[1]=2
lte[2]=5
lte[3]=6
lte[4]=5
lte[5]=5
lte[6]=0
lte[7]=0
lb=27
currentRow is 34
row0:	10 9 5 6 5 5 0 0 
row1:	4 8 5 6 5 5 7 0 
row2:	5 0 5 5 4 0 1 0 
row3:	5 3 0 1 1 5 5 0 
row4:	4 10 5 6 5 5 5 0 
row5:	10 4 5 6 5 5 5 0 
row6:	4 10 5 6 5 5 3 2 
row7:	10 7 5 6 5 5 2 0 
row8:	4 0 5 5 5 1 0 0 
row9:	0 5 0 1 0 4 5 5 
row10:	10 3 5 6 5 5 6 0 
row11:	4 9 5 6 5 5 6 0 
row12:	10 9 5 6 5 5 0 0 
row13:	4 8 5 6 5 5 7 0 
row14:	5 0 5 5 5 0 0 0 
row15:	5 5 0 1 0 5 4 0 
row16:	4 10 5 6 5 5 5 0 
row17:	7 2 5 6 5 5 4 6 
row18:	7 10 5 6 5 5 2 0 
row19:	10 7 5 6 5 5 2 0 
row20:	4 0 5 5 2 0 4 0 
row21:	0 5 0 1 3 5 5 1 
row22:	10 9 5 6 5 5 0 0 
row23:	4 3 5 6 5 5 10 2 
row24:	10 6 5 6 5 5 3 0 
row25:	4 10 5 6 5 5 5 0 
row26:	5 1 5 5 4 0 0 0 
row27:	5 5 0 1 1 5 3 0 
row28:	4 10 5 6 5 5 5 0 
row29:	10 2 5 6 5 5 7 0 
row30:	4 10 5 6 5 5 5 0 
row31:	10 7 5 6 5 5 1 1 
row32:	4 0 5 5 5 1 0 0 
row33:	0 5 0 1 0 4 5 5 
row34:	10 9 5 6 5 5 0 0 
rbegin=290, rend=300
tnum=8
lte[0]=4
lte[1]=3
lte[2]=5
lte[3]=6
lte[4]=5
lte[5]=5
lte[6]=8
lte[7]=4
lb=40
currentRow is 35
row0:	10 9 5 6 5 5 0 0 
row1:	4 8 5 6 5 5 7 0 
row2:	5 0 5 5 4 0 1 0 
row3:	5 3 0 1 1 5 5 0 
row4:	4 10 5 6 5 5 5 0 
row5:	10 4 5 6 5 5 5 0 
row6:	4 10 5 6 5 5 3 2 
row7:	10 7 5 6 5 5 2 0 
row8:	4 0 5 5 5 1 0 0 
row9:	0 5 0 1 0 4 5 5 
row10:	10 3 5 6 5 5 6 0 
row11:	4 9 5 6 5 5 6 0 
row12:	10 9 5 6 5 5 0 0 
row13:	4 8 5 6 5 5 7 0 
row14:	5 0 5 5 5 0 0 0 
row15:	5 5 0 1 0 5 4 0 
row16:	4 10 5 6 5 5 5 0 
row17:	7 2 5 6 5 5 4 6 
row18:	7 10 5 6 5 5 2 0 
row19:	10 7 5 6 5 5 2 0 
row20:	4 0 5 5 2 0 4 0 
row21:	0 5 0 1 3 5 5 1 
row22:	10 9 5 6 5 5 0 0 
row23:	4 3 5 6 5 5 10 2 
row24:	10 6 5 6 5 5 3 0 
row25:	4 10 5 6 5 5 5 0 
row26:	5 1 5 5 4 0 0 0 
row27:	5 5 0 1 1 5 3 0 
row28:	4 10 5 6 5 5 5 0 
row29:	10 2 5 6 5 5 7 0 
row30:	4 10 5 6 5 5 5 0 
row31:	10 7 5 6 5 5 1 1 
row32:	4 0 5 5 5 1 0 0 
row33:	0 5 0 1 0 4 5 5 
row34:	10 9 5 6 5 5 0 0 
row35:	4 3 5 6 5 5 8 4 
