laxity[0]=3
laxity[1]=4
laxity[2]=4
laxity[3]=8
laxity[4]=11
laxity[5]=15
laxity[6]=23
laxity[7]=64
rbegin=0, rend=15
tnum=8
lte[0]=12
lte[1]=11
lte[2]=11
lte[3]=7
lte[4]=4
lte[5]=0
lte[6]=0
lte[7]=0
lb=45
currentRow is 0
row0:	15 15 11 7 9 3 0 0 
rbegin=15, rend=20
tnum=8
lte[0]=2
lte[1]=1
lte[2]=1
lte[3]=0
lte[4]=0
lte[5]=2
lte[6]=0
lte[7]=0
lb=6
currentRow is 1
row0:	15 15 11 7 9 3 0 0 
row1:	5 5 5 3 0 2 0 0 
rbegin=20, rend=25
tnum=8
lte[0]=2
lte[1]=1
lte[2]=1
lte[3]=0
lte[4]=0
lte[5]=0
lte[6]=2
lte[7]=0
lb=6
currentRow is 2
row0:	15 15 11 7 9 3 0 0 
row1:	5 5 5 3 0 2 0 0 
row2:	2 1 5 4 5 1 2 0 
rbegin=25, rend=30
tnum=8
lte[0]=2
lte[1]=1
lte[2]=1
lte[3]=0
lte[4]=0
lte[5]=0
lte[6]=5
lte[7]=0
lb=9
currentRow is 3
row0:	15 15 11 7 9 3 0 0 
row1:	5 5 5 3 0 2 0 0 
row2:	2 1 5 4 5 1 2 0 
row3:	5 5 1 0 4 0 5 0 
rbegin=30, rend=40
tnum=8
lte[0]=7
lte[1]=6
lte[2]=6
lte[3]=2
lte[4]=0
lte[5]=4
lte[6]=0
lte[7]=0
lb=25
currentRow is 4
row0:	15 15 11 7 9 3 0 0 
row1:	5 5 5 3 0 2 0 0 
row2:	2 1 5 4 5 1 2 0 
row3:	5 5 1 0 4 0 5 0 
row4:	10 10 10 6 0 4 0 0 
rbegin=40, rend=45
tnum=8
lte[0]=2
lte[1]=1
lte[2]=1
lte[3]=1
lte[4]=0
lte[5]=0
lte[6]=0
lte[7]=0
lb=5
currentRow is 5
row0:	15 15 11 7 9 3 0 0 
row1:	5 5 5 3 0 2 0 0 
row2:	2 1 5 4 5 1 2 0 
row3:	5 5 1 0 4 0 5 0 
row4:	10 10 10 6 0 4 0 0 
row5:	5 5 1 1 5 3 0 0 
rbegin=45, rend=50
tnum=8
lte[0]=2
lte[1]=1
lte[2]=1
lte[3]=0
lte[4]=0
lte[5]=0
lte[6]=0
lte[7]=0
lb=4
currentRow is 6
row0:	15 15 11 7 9 3 0 0 
row1:	5 5 5 3 0 2 0 0 
row2:	2 1 5 4 5 1 2 0 
row3:	5 5 1 0 4 0 5 0 
row4:	10 10 10 6 0 4 0 0 
row5:	5 5 1 1 5 3 0 0 
row6:	2 1 5 5 4 2 1 0 
rbegin=50, rend=60
tnum=8
lte[0]=7
lte[1]=6
lte[2]=6
lte[3]=2
lte[4]=0
lte[5]=0
lte[6]=6
lte[7]=0
lb=27
currentRow is 7
row0:	15 15 11 7 9 3 0 0 
row1:	5 5 5 3 0 2 0 0 
row2:	2 1 5 4 5 1 2 0 
row3:	5 5 1 0 4 0 5 0 
row4:	10 10 10 6 0 4 0 0 
row5:	5 5 1 1 5 3 0 0 
row6:	2 1 5 5 4 2 1 0 
row7:	10 10 6 2 0 0 6 6 
rbegin=60, rend=75
tnum=8
lte[0]=12
lte[1]=11
lte[2]=11
lte[3]=7
lte[4]=4
lte[5]=0
lte[6]=0
lte[7]=5
lb=50
currentRow is 8
row0:	15 15 11 7 9 3 0 0 
row1:	5 5 5 3 0 2 0 0 
row2:	2 1 5 4 5 1 2 0 
row3:	5 5 1 0 4 0 5 0 
row4:	10 10 10 6 0 4 0 0 
row5:	5 5 1 1 5 3 0 0 
row6:	2 1 5 5 4 2 1 0 
row7:	10 10 6 2 0 0 6 6 
row8:	12 11 11 7 9 5 0 5 
rbegin=75, rend=80
tnum=8
lte[0]=2
lte[1]=1
lte[2]=1
lte[3]=0
lte[4]=0
lte[5]=0
lte[6]=0
lte[7]=0
lb=4
currentRow is 9
row0:	15 15 11 7 9 3 0 0 
row1:	5 5 5 3 0 2 0 0 
row2:	2 1 5 4 5 1 2 0 
row3:	5 5 1 0 4 0 5 0 
row4:	10 10 10 6 0 4 0 0 
row5:	5 5 1 1 5 3 0 0 
row6:	2 1 5 5 4 2 1 0 
row7:	10 10 6 2 0 0 6 6 
row8:	12 11 11 7 9 5 0 5 
row9:	5 5 5 5 0 0 0 0 
rbegin=80, rend=90
tnum=8
lte[0]=7
lte[1]=6
lte[2]=6
lte[3]=2
lte[4]=0
lte[5]=0
lte[6]=7
lte[7]=0
lb=28
currentRow is 10
row0:	15 15 11 7 9 3 0 0 
row1:	5 5 5 3 0 2 0 0 
row2:	2 1 5 4 5 1 2 0 
row3:	5 5 1 0 4 0 5 0 
row4:	10 10 10 6 0 4 0 0 
row5:	5 5 1 1 5 3 0 0 
row6:	2 1 5 5 4 2 1 0 
row7:	10 10 6 2 0 0 6 6 
row8:	12 11 11 7 9 5 0 5 
row9:	5 5 5 5 0 0 0 0 
row10:	10 10 6 2 5 0 7 0 
rbegin=90, rend=100
tnum=8
lte[0]=7
lte[1]=6
lte[2]=6
lte[3]=2
lte[4]=4
lte[5]=5
lte[6]=0
lte[7]=0
lb=30
currentRow is 11
row0:	15 15 11 7 9 3 0 0 
row1:	5 5 5 3 0 2 0 0 
row2:	2 1 5 4 5 1 2 0 
row3:	5 5 1 0 4 0 5 0 
row4:	10 10 10 6 0 4 0 0 
row5:	5 5 1 1 5 3 0 0 
row6:	2 1 5 5 4 2 1 0 
row7:	10 10 6 2 0 0 6 6 
row8:	12 11 11 7 9 5 0 5 
row9:	5 5 5 5 0 0 0 0 
row10:	10 10 6 2 5 0 7 0 
row11:	7 6 10 7 4 5 1 0 
rbegin=100, rend=105
tnum=8
lte[0]=2
lte[1]=1
lte[2]=1
lte[3]=0
lte[4]=0
lte[5]=0
lte[6]=0
lte[7]=0
lb=4
currentRow is 12
row0:	15 15 11 7 9 3 0 0 
row1:	5 5 5 3 0 2 0 0 
row2:	2 1 5 4 5 1 2 0 
row3:	5 5 1 0 4 0 5 0 
row4:	10 10 10 6 0 4 0 0 
row5:	5 5 1 1 5 3 0 0 
row6:	2 1 5 5 4 2 1 0 
row7:	10 10 6 2 0 0 6 6 
row8:	12 11 11 7 9 5 0 5 
row9:	5 5 5 5 0 0 0 0 
row10:	10 10 6 2 5 0 7 0 
row11:	7 6 10 7 4 5 1 0 
row12:	5 5 1 0 5 4 0 0 
rbegin=105, rend=120
tnum=8
lte[0]=12
lte[1]=11
lte[2]=11
lte[3]=7
lte[4]=4
lte[5]=1
lte[6]=6
lte[7]=0
lb=52
currentRow is 13
row0:	15 15 11 7 9 3 0 0 
row1:	5 5 5 3 0 2 0 0 
row2:	2 1 5 4 5 1 2 0 
row3:	5 5 1 0 4 0 5 0 
row4:	10 10 10 6 0 4 0 0 
row5:	5 5 1 1 5 3 0 0 
row6:	2 1 5 5 4 2 1 0 
row7:	10 10 6 2 0 0 6 6 
row8:	12 11 11 7 9 5 0 5 
row9:	5 5 5 5 0 0 0 0 
row10:	10 10 6 2 5 0 7 0 
row11:	7 6 10 7 4 5 1 0 
row12:	5 5 1 0 5 4 0 0 
row13:	15 15 11 7 4 1 6 1 
rbegin=120, rend=125
tnum=8
lte[0]=2
lte[1]=1
lte[2]=1
lte[3]=0
lte[4]=0
lte[5]=0
lte[6]=0
lte[7]=0
lb=4
currentRow is 14
row0:	15 15 11 7 9 3 0 0 
row1:	5 5 5 3 0 2 0 0 
row2:	2 1 5 4 5 1 2 0 
row3:	5 5 1 0 4 0 5 0 
row4:	10 10 10 6 0 4 0 0 
row5:	5 5 1 1 5 3 0 0 
row6:	2 1 5 5 4 2 1 0 
row7:	10 10 6 2 0 0 6 6 
row8:	12 11 11 7 9 5 0 5 
row9:	5 5 5 5 0 0 0 0 
row10:	10 10 6 2 5 0 7 0 
row11:	7 6 10 7 4 5 1 0 
row12:	5 5 1 0 5 4 0 0 
row13:	15 15 11 7 4 1 6 1 
row14:	2 1 5 5 5 2 0 0 
rbegin=125, rend=135
tnum=8
lte[0]=7
lte[1]=6
lte[2]=6
lte[3]=2
lte[4]=0
lte[5]=0
lte[6]=0
lte[7]=0
lb=21
currentRow is 15
row0:	15 15 11 7 9 3 0 0 
row1:	5 5 5 3 0 2 0 0 
row2:	2 1 5 4 5 1 2 0 
row3:	5 5 1 0 4 0 5 0 
row4:	10 10 10 6 0 4 0 0 
row5:	5 5 1 1 5 3 0 0 
row6:	2 1 5 5 4 2 1 0 
row7:	10 10 6 2 0 0 6 6 
row8:	12 11 11 7 9 5 0 5 
row9:	5 5 5 5 0 0 0 0 
row10:	10 10 6 2 5 0 7 0 
row11:	7 6 10 7 4 5 1 0 
row12:	5 5 1 0 5 4 0 0 
row13:	15 15 11 7 4 1 6 1 
row14:	2 1 5 5 5 2 0 0 
row15:	10 10 6 2 4 3 5 0 
rbegin=135, rend=140
tnum=8
lte[0]=2
lte[1]=1
lte[2]=1
lte[3]=0
lte[4]=0
lte[5]=0
lte[6]=0
lte[7]=0
lb=4
currentRow is 16
row0:	15 15 11 7 9 3 0 0 
row1:	5 5 5 3 0 2 0 0 
row2:	2 1 5 4 5 1 2 0 
row3:	5 5 1 0 4 0 5 0 
row4:	10 10 10 6 0 4 0 0 
row5:	5 5 1 1 5 3 0 0 
row6:	2 1 5 5 4 2 1 0 
row7:	10 10 6 2 0 0 6 6 
row8:	12 11 11 7 9 5 0 5 
row9:	5 5 5 5 0 0 0 0 
row10:	10 10 6 2 5 0 7 0 
row11:	7 6 10 7 4 5 1 0 
row12:	5 5 1 0 5 4 0 0 
row13:	15 15 11 7 4 1 6 1 
row14:	2 1 5 5 5 2 0 0 
row15:	10 10 6 2 4 3 5 0 
row16:	5 5 5 5 0 0 0 0 
rbegin=140, rend=150
tnum=8
lte[0]=7
lte[1]=6
lte[2]=6
lte[3]=2
lte[4]=0
lte[5]=0
lte[6]=2
lte[7]=10
lb=33
currentRow is 17
row0:	15 15 11 7 9 3 0 0 
row1:	5 5 5 3 0 2 0 0 
row2:	2 1 5 4 5 1 2 0 
row3:	5 5 1 0 4 0 5 0 
row4:	10 10 10 6 0 4 0 0 
row5:	5 5 1 1 5 3 0 0 
row6:	2 1 5 5 4 2 1 0 
row7:	10 10 6 2 0 0 6 6 
row8:	12 11 11 7 9 5 0 5 
row9:	5 5 5 5 0 0 0 0 
row10:	10 10 6 2 5 0 7 0 
row11:	7 6 10 7 4 5 1 0 
row12:	5 5 1 0 5 4 0 0 
row13:	15 15 11 7 4 1 6 1 
row14:	2 1 5 5 5 2 0 0 
row15:	10 10 6 2 4 3 5 0 
row16:	5 5 5 5 0 0 0 0 
row17:	7 6 6 2 7 0 2 10 
rbegin=150, rend=160
tnum=8
lte[0]=7
lte[1]=6
lte[2]=6
lte[3]=2
lte[4]=2
lte[5]=5
lte[6]=0
lte[7]=0
lb=28
currentRow is 18
row0:	15 15 11 7 9 3 0 0 
row1:	5 5 5 3 0 2 0 0 
row2:	2 1 5 4 5 1 2 0 
row3:	5 5 1 0 4 0 5 0 
row4:	10 10 10 6 0 4 0 0 
row5:	5 5 1 1 5 3 0 0 
row6:	2 1 5 5 4 2 1 0 
row7:	10 10 6 2 0 0 6 6 
row8:	12 11 11 7 9 5 0 5 
row9:	5 5 5 5 0 0 0 0 
row10:	10 10 6 2 5 0 7 0 
row11:	7 6 10 7 4 5 1 0 
row12:	5 5 1 0 5 4 0 0 
row13:	15 15 11 7 4 1 6 1 
row14:	2 1 5 5 5 2 0 0 
row15:	10 10 6 2 4 3 5 0 
row16:	5 5 5 5 0 0 0 0 
row17:	7 6 6 2 7 0 2 10 
row18:	10 10 10 3 2 5 0 0 
rbegin=160, rend=165
tnum=8
lte[0]=2
lte[1]=1
lte[2]=1
lte[3]=4
lte[4]=0
lte[5]=0
lte[6]=0
lte[7]=0
lb=8
currentRow is 19
row0:	15 15 11 7 9 3 0 0 
row1:	5 5 5 3 0 2 0 0 
row2:	2 1 5 4 5 1 2 0 
row3:	5 5 1 0 4 0 5 0 
row4:	10 10 10 6 0 4 0 0 
row5:	5 5 1 1 5 3 0 0 
row6:	2 1 5 5 4 2 1 0 
row7:	10 10 6 2 0 0 6 6 
row8:	12 11 11 7 9 5 0 5 
row9:	5 5 5 5 0 0 0 0 
row10:	10 10 6 2 5 0 7 0 
row11:	7 6 10 7 4 5 1 0 
row12:	5 5 1 0 5 4 0 0 
row13:	15 15 11 7 4 1 6 1 
row14:	2 1 5 5 5 2 0 0 
row15:	10 10 6 2 4 3 5 0 
row16:	5 5 5 5 0 0 0 0 
row17:	7 6 6 2 7 0 2 10 
row18:	10 10 10 3 2 5 0 0 
row19:	5 5 1 4 5 0 0 0 
rbegin=165, rend=175
tnum=8
lte[0]=7
lte[1]=6
lte[2]=6
lte[3]=2
lte[4]=0
lte[5]=0
lte[6]=2
lte[7]=0
lb=23
currentRow is 20
row0:	15 15 11 7 9 3 0 0 
row1:	5 5 5 3 0 2 0 0 
row2:	2 1 5 4 5 1 2 0 
row3:	5 5 1 0 4 0 5 0 
row4:	10 10 10 6 0 4 0 0 
row5:	5 5 1 1 5 3 0 0 
row6:	2 1 5 5 4 2 1 0 
row7:	10 10 6 2 0 0 6 6 
row8:	12 11 11 7 9 5 0 5 
row9:	5 5 5 5 0 0 0 0 
row10:	10 10 6 2 5 0 7 0 
row11:	7 6 10 7 4 5 1 0 
row12:	5 5 1 0 5 4 0 0 
row13:	15 15 11 7 4 1 6 1 
row14:	2 1 5 5 5 2 0 0 
row15:	10 10 6 2 4 3 5 0 
row16:	5 5 5 5 0 0 0 0 
row17:	7 6 6 2 7 0 2 10 
row18:	10 10 10 3 2 5 0 0 
row19:	5 5 1 4 5 0 0 0 
row20:	7 6 10 7 4 4 2 0 
rbegin=175, rend=180
tnum=8
lte[0]=2
lte[1]=1
lte[2]=1
lte[3]=0
lte[4]=0
lte[5]=1
lte[6]=5
lte[7]=0
lb=10
currentRow is 21
row0:	15 15 11 7 9 3 0 0 
row1:	5 5 5 3 0 2 0 0 
row2:	2 1 5 4 5 1 2 0 
row3:	5 5 1 0 4 0 5 0 
row4:	10 10 10 6 0 4 0 0 
row5:	5 5 1 1 5 3 0 0 
row6:	2 1 5 5 4 2 1 0 
row7:	10 10 6 2 0 0 6 6 
row8:	12 11 11 7 9 5 0 5 
row9:	5 5 5 5 0 0 0 0 
row10:	10 10 6 2 5 0 7 0 
row11:	7 6 10 7 4 5 1 0 
row12:	5 5 1 0 5 4 0 0 
row13:	15 15 11 7 4 1 6 1 
row14:	2 1 5 5 5 2 0 0 
row15:	10 10 6 2 4 3 5 0 
row16:	5 5 5 5 0 0 0 0 
row17:	7 6 6 2 7 0 2 10 
row18:	10 10 10 3 2 5 0 0 
row19:	5 5 1 4 5 0 0 0 
row20:	7 6 10 7 4 4 2 0 
row21:	5 5 1 0 0 1 5 3 
rbegin=180, rend=195
tnum=8
lte[0]=12
lte[1]=11
lte[2]=11
lte[3]=7
lte[4]=4
lte[5]=0
lte[6]=0
lte[7]=0
lb=45
currentRow is 22
row0:	15 15 11 7 9 3 0 0 
row1:	5 5 5 3 0 2 0 0 
row2:	2 1 5 4 5 1 2 0 
row3:	5 5 1 0 4 0 5 0 
row4:	10 10 10 6 0 4 0 0 
row5:	5 5 1 1 5 3 0 0 
row6:	2 1 5 5 4 2 1 0 
row7:	10 10 6 2 0 0 6 6 
row8:	12 11 11 7 9 5 0 5 
row9:	5 5 5 5 0 0 0 0 
row10:	10 10 6 2 5 0 7 0 
row11:	7 6 10 7 4 5 1 0 
row12:	5 5 1 0 5 4 0 0 
row13:	15 15 11 7 4 1 6 1 
row14:	2 1 5 5 5 2 0 0 
row15:	10 10 6 2 4 3 5 0 
row16:	5 5 5 5 0 0 0 0 
row17:	7 6 6 2 7 0 2 10 
row18:	10 10 10 3 2 5 0 0 
row19:	5 5 1 4 5 0 0 0 
row20:	7 6 10 7 4 4 2 0 
row21:	5 5 1 0 0 1 5 3 
row22:	15 15 11 7 9 3 0 0 
rbegin=195, rend=200
tnum=8
lte[0]=2
lte[1]=1
lte[2]=1
lte[3]=0
lte[4]=0
lte[5]=2
lte[6]=0
lte[7]=0
lb=6
currentRow is 23
row0:	15 15 11 7 9 3 0 0 
row1:	5 5 5 3 0 2 0 0 
row2:	2 1 5 4 5 1 2 0 
row3:	5 5 1 0 4 0 5 0 
row4:	10 10 10 6 0 4 0 0 
row5:	5 5 1 1 5 3 0 0 
row6:	2 1 5 5 4 2 1 0 
row7:	10 10 6 2 0 0 6 6 
row8:	12 11 11 7 9 5 0 5 
row9:	5 5 5 5 0 0 0 0 
row10:	10 10 6 2 5 0 7 0 
row11:	7 6 10 7 4 5 1 0 
row12:	5 5 1 0 5 4 0 0 
row13:	15 15 11 7 4 1 6 1 
row14:	2 1 5 5 5 2 0 0 
row15:	10 10 6 2 4 3 5 0 
row16:	5 5 5 5 0 0 0 0 
row17:	7 6 6 2 7 0 2 10 
row18:	10 10 10 3 2 5 0 0 
row19:	5 5 1 4 5 0 0 0 
row20:	7 6 10 7 4 4 2 0 
row21:	5 5 1 0 0 1 5 3 
row22:	15 15 11 7 9 3 0 0 
row23:	2 1 5 5 0 2 5 0 
rbegin=200, rend=210
tnum=8
lte[0]=7
lte[1]=6
lte[2]=6
lte[3]=2
lte[4]=0
lte[5]=0
lte[6]=2
lte[7]=0
lb=23
currentRow is 24
row0:	15 15 11 7 9 3 0 0 
row1:	5 5 5 3 0 2 0 0 
row2:	2 1 5 4 5 1 2 0 
row3:	5 5 1 0 4 0 5 0 
row4:	10 10 10 6 0 4 0 0 
row5:	5 5 1 1 5 3 0 0 
row6:	2 1 5 5 4 2 1 0 
row7:	10 10 6 2 0 0 6 6 
row8:	12 11 11 7 9 5 0 5 
row9:	5 5 5 5 0 0 0 0 
row10:	10 10 6 2 5 0 7 0 
row11:	7 6 10 7 4 5 1 0 
row12:	5 5 1 0 5 4 0 0 
row13:	15 15 11 7 4 1 6 1 
row14:	2 1 5 5 5 2 0 0 
row15:	10 10 6 2 4 3 5 0 
row16:	5 5 5 5 0 0 0 0 
row17:	7 6 6 2 7 0 2 10 
row18:	10 10 10 3 2 5 0 0 
row19:	5 5 1 4 5 0 0 0 
row20:	7 6 10 7 4 4 2 0 
row21:	5 5 1 0 0 1 5 3 
row22:	15 15 11 7 9 3 0 0 
row23:	2 1 5 5 0 2 5 0 
row24:	10 10 6 2 9 1 2 0 
rbegin=210, rend=220
tnum=8
lte[0]=7
lte[1]=6
lte[2]=6
lte[3]=2
lte[4]=0
lte[5]=4
lte[6]=0
lte[7]=3
lb=28
currentRow is 25
row0:	15 15 11 7 9 3 0 0 
row1:	5 5 5 3 0 2 0 0 
row2:	2 1 5 4 5 1 2 0 
row3:	5 5 1 0 4 0 5 0 
row4:	10 10 10 6 0 4 0 0 
row5:	5 5 1 1 5 3 0 0 
row6:	2 1 5 5 4 2 1 0 
row7:	10 10 6 2 0 0 6 6 
row8:	12 11 11 7 9 5 0 5 
row9:	5 5 5 5 0 0 0 0 
row10:	10 10 6 2 5 0 7 0 
row11:	7 6 10 7 4 5 1 0 
row12:	5 5 1 0 5 4 0 0 
row13:	15 15 11 7 4 1 6 1 
row14:	2 1 5 5 5 2 0 0 
row15:	10 10 6 2 4 3 5 0 
row16:	5 5 5 5 0 0 0 0 
row17:	7 6 6 2 7 0 2 10 
row18:	10 10 10 3 2 5 0 0 
row19:	5 5 1 4 5 0 0 0 
row20:	7 6 10 7 4 4 2 0 
row21:	5 5 1 0 0 1 5 3 
row22:	15 15 11 7 9 3 0 0 
row23:	2 1 5 5 0 2 5 0 
row24:	10 10 6 2 9 1 2 0 
row25:	10 10 10 3 0 4 0 3 
rbegin=220, rend=225
tnum=8
lte[0]=2
lte[1]=1
lte[2]=1
lte[3]=4
lte[4]=0
lte[5]=0
lte[6]=0
lte[7]=5
lb=13
currentRow is 26
row0:	15 15 11 7 9 3 0 0 
row1:	5 5 5 3 0 2 0 0 
row2:	2 1 5 4 5 1 2 0 
row3:	5 5 1 0 4 0 5 0 
row4:	10 10 10 6 0 4 0 0 
row5:	5 5 1 1 5 3 0 0 
row6:	2 1 5 5 4 2 1 0 
row7:	10 10 6 2 0 0 6 6 
row8:	12 11 11 7 9 5 0 5 
row9:	5 5 5 5 0 0 0 0 
row10:	10 10 6 2 5 0 7 0 
row11:	7 6 10 7 4 5 1 0 
row12:	5 5 1 0 5 4 0 0 
row13:	15 15 11 7 4 1 6 1 
row14:	2 1 5 5 5 2 0 0 
row15:	10 10 6 2 4 3 5 0 
row16:	5 5 5 5 0 0 0 0 
row17:	7 6 6 2 7 0 2 10 
row18:	10 10 10 3 2 5 0 0 
row19:	5 5 1 4 5 0 0 0 
row20:	7 6 10 7 4 4 2 0 
row21:	5 5 1 0 0 1 5 3 
row22:	15 15 11 7 9 3 0 0 
row23:	2 1 5 5 0 2 5 0 
row24:	10 10 6 2 9 1 2 0 
row25:	10 10 10 3 0 4 0 3 
row26:	2 1 1 4 5 2 0 5 
rbegin=225, rend=240
tnum=8
lte[0]=12
lte[1]=11
lte[2]=11
lte[3]=7
lte[4]=4
lte[5]=3
lte[6]=7
lte[7]=0
lb=55
currentRow is 27
row0:	15 15 11 7 9 3 0 0 
row1:	5 5 5 3 0 2 0 0 
row2:	2 1 5 4 5 1 2 0 
row3:	5 5 1 0 4 0 5 0 
row4:	10 10 10 6 0 4 0 0 
row5:	5 5 1 1 5 3 0 0 
row6:	2 1 5 5 4 2 1 0 
row7:	10 10 6 2 0 0 6 6 
row8:	12 11 11 7 9 5 0 5 
row9:	5 5 5 5 0 0 0 0 
row10:	10 10 6 2 5 0 7 0 
row11:	7 6 10 7 4 5 1 0 
row12:	5 5 1 0 5 4 0 0 
row13:	15 15 11 7 4 1 6 1 
row14:	2 1 5 5 5 2 0 0 
row15:	10 10 6 2 4 3 5 0 
row16:	5 5 5 5 0 0 0 0 
row17:	7 6 6 2 7 0 2 10 
row18:	10 10 10 3 2 5 0 0 
row19:	5 5 1 4 5 0 0 0 
row20:	7 6 10 7 4 4 2 0 
row21:	5 5 1 0 0 1 5 3 
row22:	15 15 11 7 9 3 0 0 
row23:	2 1 5 5 0 2 5 0 
row24:	10 10 6 2 9 1 2 0 
row25:	10 10 10 3 0 4 0 3 
row26:	2 1 1 4 5 2 0 5 
row27:	15 13 11 7 4 3 7 0 
rbegin=240, rend=250
tnum=8
lte[0]=7
lte[1]=8
lte[2]=6
lte[3]=2
lte[4]=0
lte[5]=0
lte[6]=0
lte[7]=0
lb=23
currentRow is 28
row0:	15 15 11 7 9 3 0 0 
row1:	5 5 5 3 0 2 0 0 
row2:	2 1 5 4 5 1 2 0 
row3:	5 5 1 0 4 0 5 0 
row4:	10 10 10 6 0 4 0 0 
row5:	5 5 1 1 5 3 0 0 
row6:	2 1 5 5 4 2 1 0 
row7:	10 10 6 2 0 0 6 6 
row8:	12 11 11 7 9 5 0 5 
row9:	5 5 5 5 0 0 0 0 
row10:	10 10 6 2 5 0 7 0 
row11:	7 6 10 7 4 5 1 0 
row12:	5 5 1 0 5 4 0 0 
row13:	15 15 11 7 4 1 6 1 
row14:	2 1 5 5 5 2 0 0 
row15:	10 10 6 2 4 3 5 0 
row16:	5 5 5 5 0 0 0 0 
row17:	7 6 6 2 7 0 2 10 
row18:	10 10 10 3 2 5 0 0 
row19:	5 5 1 4 5 0 0 0 
row20:	7 6 10 7 4 4 2 0 
row21:	5 5 1 0 0 1 5 3 
row22:	15 15 11 7 9 3 0 0 
row23:	2 1 5 5 0 2 5 0 
row24:	10 10 6 2 9 1 2 0 
row25:	10 10 10 3 0 4 0 3 
row26:	2 1 1 4 5 2 0 5 
row27:	15 13 11 7 4 3 7 0 
row28:	7 8 10 7 8 0 0 0 
rbegin=250, rend=255
tnum=8
lte[0]=2
lte[1]=1
lte[2]=1
lte[3]=0
lte[4]=0
lte[5]=0
lte[6]=0
lte[7]=0
lb=4
currentRow is 29
row0:	15 15 11 7 9 3 0 0 
row1:	5 5 5 3 0 2 0 0 
row2:	2 1 5 4 5 1 2 0 
row3:	5 5 1 0 4 0 5 0 
row4:	10 10 10 6 0 4 0 0 
row5:	5 5 1 1 5 3 0 0 
row6:	2 1 5 5 4 2 1 0 
row7:	10 10 6 2 0 0 6 6 
row8:	12 11 11 7 9 5 0 5 
row9:	5 5 5 5 0 0 0 0 
row10:	10 10 6 2 5 0 7 0 
row11:	7 6 10 7 4 5 1 0 
row12:	5 5 1 0 5 4 0 0 
row13:	15 15 11 7 4 1 6 1 
row14:	2 1 5 5 5 2 0 0 
row15:	10 10 6 2 4 3 5 0 
row16:	5 5 5 5 0 0 0 0 
row17:	7 6 6 2 7 0 2 10 
row18:	10 10 10 3 2 5 0 0 
row19:	5 5 1 4 5 0 0 0 
row20:	7 6 10 7 4 4 2 0 
row21:	5 5 1 0 0 1 5 3 
row22:	15 15 11 7 9 3 0 0 
row23:	2 1 5 5 0 2 5 0 
row24:	10 10 6 2 9 1 2 0 
row25:	10 10 10 3 0 4 0 3 
row26:	2 1 1 4 5 2 0 5 
row27:	15 13 11 7 4 3 7 0 
row28:	7 8 10 7 8 0 0 0 
row29:	5 5 1 0 1 5 3 0 
rbegin=255, rend=260
tnum=8
lte[0]=2
lte[1]=1
lte[2]=1
lte[3]=0
lte[4]=0
lte[5]=0
lte[6]=0
lte[7]=0
lb=4
currentRow is 30
row0:	15 15 11 7 9 3 0 0 
row1:	5 5 5 3 0 2 0 0 
row2:	2 1 5 4 5 1 2 0 
row3:	5 5 1 0 4 0 5 0 
row4:	10 10 10 6 0 4 0 0 
row5:	5 5 1 1 5 3 0 0 
row6:	2 1 5 5 4 2 1 0 
row7:	10 10 6 2 0 0 6 6 
row8:	12 11 11 7 9 5 0 5 
row9:	5 5 5 5 0 0 0 0 
row10:	10 10 6 2 5 0 7 0 
row11:	7 6 10 7 4 5 1 0 
row12:	5 5 1 0 5 4 0 0 
row13:	15 15 11 7 4 1 6 1 
row14:	2 1 5 5 5 2 0 0 
row15:	10 10 6 2 4 3 5 0 
row16:	5 5 5 5 0 0 0 0 
row17:	7 6 6 2 7 0 2 10 
row18:	10 10 10 3 2 5 0 0 
row19:	5 5 1 4 5 0 0 0 
row20:	7 6 10 7 4 4 2 0 
row21:	5 5 1 0 0 1 5 3 
row22:	15 15 11 7 9 3 0 0 
row23:	2 1 5 5 0 2 5 0 
row24:	10 10 6 2 9 1 2 0 
row25:	10 10 10 3 0 4 0 3 
row26:	2 1 1 4 5 2 0 5 
row27:	15 13 11 7 4 3 7 0 
row28:	7 8 10 7 8 0 0 0 
row29:	5 5 1 0 1 5 3 0 
row30:	5 5 5 5 0 0 0 0 
rbegin=260, rend=270
tnum=8
lte[0]=7
lte[1]=6
lte[2]=6
lte[3]=2
lte[4]=0
lte[5]=0
lte[6]=4
lte[7]=0
lb=25
currentRow is 31
row0:	15 15 11 7 9 3 0 0 
row1:	5 5 5 3 0 2 0 0 
row2:	2 1 5 4 5 1 2 0 
row3:	5 5 1 0 4 0 5 0 
row4:	10 10 10 6 0 4 0 0 
row5:	5 5 1 1 5 3 0 0 
row6:	2 1 5 5 4 2 1 0 
row7:	10 10 6 2 0 0 6 6 
row8:	12 11 11 7 9 5 0 5 
row9:	5 5 5 5 0 0 0 0 
row10:	10 10 6 2 5 0 7 0 
row11:	7 6 10 7 4 5 1 0 
row12:	5 5 1 0 5 4 0 0 
row13:	15 15 11 7 4 1 6 1 
row14:	2 1 5 5 5 2 0 0 
row15:	10 10 6 2 4 3 5 0 
row16:	5 5 5 5 0 0 0 0 
row17:	7 6 6 2 7 0 2 10 
row18:	10 10 10 3 2 5 0 0 
row19:	5 5 1 4 5 0 0 0 
row20:	7 6 10 7 4 4 2 0 
row21:	5 5 1 0 0 1 5 3 
row22:	15 15 11 7 9 3 0 0 
row23:	2 1 5 5 0 2 5 0 
row24:	10 10 6 2 9 1 2 0 
row25:	10 10 10 3 0 4 0 3 
row26:	2 1 1 4 5 2 0 5 
row27:	15 13 11 7 4 3 7 0 
row28:	7 8 10 7 8 0 0 0 
row29:	5 5 1 0 1 5 3 0 
row30:	5 5 5 5 0 0 0 0 
row31:	10 10 6 2 8 0 4 0 
rbegin=270, rend=275
tnum=8
lte[0]=2
lte[1]=1
lte[2]=1
lte[3]=0
lte[4]=0
lte[5]=0
lte[6]=0
lte[7]=0
lb=4
currentRow is 32
row0:	15 15 11 7 9 3 0 0 
row1:	5 5 5 3 0 2 0 0 
row2:	2 1 5 4 5 1 2 0 
row3:	5 5 1 0 4 0 5 0 
row4:	10 10 10 6 0 4 0 0 
row5:	5 5 1 1 5 3 0 0 
row6:	2 1 5 5 4 2 1 0 
row7:	10 10 6 2 0 0 6 6 
row8:	12 11 11 7 9 5 0 5 
row9:	5 5 5 5 0 0 0 0 
row10:	10 10 6 2 5 0 7 0 
row11:	7 6 10 7 4 5 1 0 
row12:	5 5 1 0 5 4 0 0 
row13:	15 15 11 7 4 1 6 1 
row14:	2 1 5 5 5 2 0 0 
row15:	10 10 6 2 4 3 5 0 
row16:	5 5 5 5 0 0 0 0 
row17:	7 6 6 2 7 0 2 10 
row18:	10 10 10 3 2 5 0 0 
row19:	5 5 1 4 5 0 0 0 
row20:	7 6 10 7 4 4 2 0 
row21:	5 5 1 0 0 1 5 3 
row22:	15 15 11 7 9 3 0 0 
row23:	2 1 5 5 0 2 5 0 
row24:	10 10 6 2 9 1 2 0 
row25:	10 10 10 3 0 4 0 3 
row26:	2 1 1 4 5 2 0 5 
row27:	15 13 11 7 4 3 7 0 
row28:	7 8 10 7 8 0 0 0 
row29:	5 5 1 0 1 5 3 0 
row30:	5 5 5 5 0 0 0 0 
row31:	10 10 6 2 8 0 4 0 
row32:	2 1 5 5 1 5 1 0 
rbegin=275, rend=280
tnum=8
lte[0]=2
lte[1]=1
lte[2]=1
lte[3]=0
lte[4]=0
lte[5]=0
lte[6]=0
lte[7]=0
lb=4
currentRow is 33
row0:	15 15 11 7 9 3 0 0 
row1:	5 5 5 3 0 2 0 0 
row2:	2 1 5 4 5 1 2 0 
row3:	5 5 1 0 4 0 5 0 
row4:	10 10 10 6 0 4 0 0 
row5:	5 5 1 1 5 3 0 0 
row6:	2 1 5 5 4 2 1 0 
row7:	10 10 6 2 0 0 6 6 
row8:	12 11 11 7 9 5 0 5 
row9:	5 5 5 5 0 0 0 0 
row10:	10 10 6 2 5 0 7 0 
row11:	7 6 10 7 4 5 1 0 
row12:	5 5 1 0 5 4 0 0 
row13:	15 15 11 7 4 1 6 1 
row14:	2 1 5 5 5 2 0 0 
row15:	10 10 6 2 4 3 5 0 
row16:	5 5 5 5 0 0 0 0 
row17:	7 6 6 2 7 0 2 10 
row18:	10 10 10 3 2 5 0 0 
row19:	5 5 1 4 5 0 0 0 
row20:	7 6 10 7 4 4 2 0 
row21:	5 5 1 0 0 1 5 3 
row22:	15 15 11 7 9 3 0 0 
row23:	2 1 5 5 0 2 5 0 
row24:	10 10 6 2 9 1 2 0 
row25:	10 10 10 3 0 4 0 3 
row26:	2 1 1 4 5 2 0 5 
row27:	15 13 11 7 4 3 7 0 
row28:	7 8 10 7 8 0 0 0 
row29:	5 5 1 0 1 5 3 0 
row30:	5 5 5 5 0 0 0 0 
row31:	10 10 6 2 8 0 4 0 
row32:	2 1 5 5 1 5 1 0 
row33:	5 5 5 2 0 0 3 0 
rbegin=280, rend=285
tnum=8
lte[0]=2
lte[1]=1
lte[2]=1
lte[3]=0
lte[4]=0
lte[5]=0
lte[6]=0
lte[7]=0
lb=4
currentRow is 34
row0:	15 15 11 7 9 3 0 0 
row1:	5 5 5 3 0 2 0 0 
row2:	2 1 5 4 5 1 2 0 
row3:	5 5 1 0 4 0 5 0 
row4:	10 10 10 6 0 4 0 0 
row5:	5 5 1 1 5 3 0 0 
row6:	2 1 5 5 4 2 1 0 
row7:	10 10 6 2 0 0 6 6 
row8:	12 11 11 7 9 5 0 5 
row9:	5 5 5 5 0 0 0 0 
row10:	10 10 6 2 5 0 7 0 
row11:	7 6 10 7 4 5 1 0 
row12:	5 5 1 0 5 4 0 0 
row13:	15 15 11 7 4 1 6 1 
row14:	2 1 5 5 5 2 0 0 
row15:	10 10 6 2 4 3 5 0 
row16:	5 5 5 5 0 0 0 0 
row17:	7 6 6 2 7 0 2 10 
row18:	10 10 10 3 2 5 0 0 
row19:	5 5 1 4 5 0 0 0 
row20:	7 6 10 7 4 4 2 0 
row21:	5 5 1 0 0 1 5 3 
row22:	15 15 11 7 9 3 0 0 
row23:	2 1 5 5 0 2 5 0 
row24:	10 10 6 2 9 1 2 0 
row25:	10 10 10 3 0 4 0 3 
row26:	2 1 1 4 5 2 0 5 
row27:	15 13 11 7 4 3 7 0 
row28:	7 8 10 7 8 0 0 0 
row29:	5 5 1 0 1 5 3 0 
row30:	5 5 5 5 0 0 0 0 
row31:	10 10 6 2 8 0 4 0 
row32:	2 1 5 5 1 5 1 0 
row33:	5 5 5 2 0 0 3 0 
row34:	5 5 1 0 5 4 0 0 
rbegin=285, rend=300
tnum=8
lte[0]=12
lte[1]=11
lte[2]=11
lte[3]=7
lte[4]=4
lte[5]=1
lte[6]=3
lte[7]=11
lb=60
currentRow is 35
row0:	15 15 11 7 9 3 0 0 
row1:	5 5 5 3 0 2 0 0 
row2:	2 1 5 4 5 1 2 0 
row3:	5 5 1 0 4 0 5 0 
row4:	10 10 10 6 0 4 0 0 
row5:	5 5 1 1 5 3 0 0 
row6:	2 1 5 5 4 2 1 0 
row7:	10 10 6 2 0 0 6 6 
row8:	12 11 11 7 9 5 0 5 
row9:	5 5 5 5 0 0 0 0 
row10:	10 10 6 2 5 0 7 0 
row11:	7 6 10 7 4 5 1 0 
row12:	5 5 1 0 5 4 0 0 
row13:	15 15 11 7 4 1 6 1 
row14:	2 1 5 5 5 2 0 0 
row15:	10 10 6 2 4 3 5 0 
row16:	5 5 5 5 0 0 0 0 
row17:	7 6 6 2 7 0 2 10 
row18:	10 10 10 3 2 5 0 0 
row19:	5 5 1 4 5 0 0 0 
row20:	7 6 10 7 4 4 2 0 
row21:	5 5 1 0 0 1 5 3 
row22:	15 15 11 7 9 3 0 0 
row23:	2 1 5 5 0 2 5 0 
row24:	10 10 6 2 9 1 2 0 
row25:	10 10 10 3 0 4 0 3 
row26:	2 1 1 4 5 2 0 5 
row27:	15 13 11 7 4 3 7 0 
row28:	7 8 10 7 8 0 0 0 
row29:	5 5 1 0 1 5 3 0 
row30:	5 5 5 5 0 0 0 0 
row31:	10 10 6 2 8 0 4 0 
row32:	2 1 5 5 1 5 1 0 
row33:	5 5 5 2 0 0 3 0 
row34:	5 5 1 0 5 4 0 0 
row35:	12 11 11 7 4 1 3 11 
